Time,Bitrate,Jitter,Datagrams,Delay
1731067774.96,8.33,0.385,0.0,1.25
1731067775.46,7.68,0.73,0.0,0.783
1731067775.96,8.31,0.879,0.0,1.53
1731067776.46,7.68,1.084,0.0,0.902
1731067776.96,8.32,0.516,0.0,1.3
1731067777.46,7.68,0.881,0.0,1.1
1731067777.96,7.68,0.505,0.0,0.857
1731067778.46,8.31,0.491,0.0,0.77
1731067778.96,8.32,0.866,0.0,0.786
1731067779.46,7.68,0.456,0.0,1.86
1731067779.96,8.32,0.368,0.0,1.17
1731067780.46,7.68,0.243,0.0,0.812
1731067780.96,8.32,0.367,0.0,1.12
1731067781.46,7.68,0.6,0.0,0.808
1731067781.96,7.67,0.43,0.0,1.58
1731067782.46,7.68,1.095,0.0769230769230769,1.31
1731067782.96,8.32,0.748,0.0,0.888
1731067783.46,7.68,0.641,0.0,1.49
1731067783.96,8.32,0.47,0.0,1.16
1731067784.46,7.69,0.516,0.0,7.02
1731067784.96,8.31,1.111,0.0,1.2
1731067785.46,7.68,0.666,0.0,1.21
1731067785.96,8.33,0.755,0.0,0.793
1731067786.46,7.69,0.562,0.0,1.09
1731067786.96,8.32,0.539,0.0,0.969
1731067787.46,7.68,0.508,0.0,1.42
1731067787.96,8.32,0.259,0.0,1.11
1731067788.46,7.68,0.486,0.0,0.739
1731067788.96,8.32,0.423,0.0,1.28
1731067789.46,7.68,0.523,0.0,1.0
1731067789.96,8.32,0.495,0.0,1.45
1731067790.46,7.69,0.655,0.0,5.34
1731067790.96,8.32,0.678,0.0,0.846
1731067791.46,7.67,0.365,0.0,4.38
1731067791.96,8.33,0.917,0.0,1.07
1731067792.46,7.68,0.663,0.0,1.36
1731067792.96,8.31,0.736,0.0,1.03
1731067793.46,7.68,0.764,0.0,0.875
1731067793.96,8.32,0.38,0.0,1.08
1731067794.46,7.68,0.747,0.0,0.83
1731067794.96,7.67,0.488,0.0,1.02
1731067795.46,8.33,0.77,0.0,0.9
1731067795.96,8.31,0.807,0.0,0.947
1731067796.46,7.68,0.496,0.0,1.21
1731067796.96,8.32,0.805,0.0,0.831
1731067797.46,7.68,0.481,0.0,NA
1731067797.96,8.32,0.837,0.0,2.15
1731067798.46,7.68,0.674,0.0,1.33
1731067798.96,8.33,0.452,0.0,2.16
1731067799.46,7.68,0.825,0.0,2.49
1731067799.96,8.32,0.421,0.0,NA
1731067800.46,7.68,0.414,0.0,1.51
1731067800.96,8.32,0.234,0.0,6.22
1731067801.46,7.68,0.401,0.0,1.06
1731067801.96,8.32,0.86,0.0,0.928
1731067802.46,7.68,0.492,0.0,1.31
1731067802.96,8.32,0.416,0.0,0.943
1731067803.46,7.67,0.388,0.0,0.87
1731067803.96,8.33,0.457,0.0,1.09
1731067804.46,7.68,0.423,0.0,0.826
1731067804.96,8.32,0.48,0.0,1.42
1731067805.46,7.68,0.803,0.0,0.776
1731067805.96,8.32,0.466,0.0,1.51
1731067806.46,7.68,0.55,0.0,0.842
1731067806.96,8.32,0.496,0.0,1.3
1731067807.46,7.69,0.552,0.0,0.939
1731067807.96,7.67,0.513,0.0,0.882
1731067808.46,7.68,0.628,0.0769230769230769,1.31
1731067808.96,8.32,0.652,0.0,2.55
1731067809.46,7.68,0.524,0.0,1.02
1731067809.96,8.31,0.571,0.0,0.948
1731067810.46,7.68,0.493,0.0,0.738
1731067810.96,8.32,0.489,0.0,1.36
1731067811.46,7.68,0.675,0.0,0.74
1731067811.96,7.68,0.343,0.0,1.61
1731067812.46,8.32,0.597,0.0,0.913
1731067812.96,8.32,0.614,0.0,1.29
1731067813.46,7.68,0.339,0.0,1.04
1731067813.96,8.32,0.39,0.0,0.798
1731067814.46,7.68,0.214,0.0,1.68
1731067814.96,8.32,0.576,0.0,1.87
1731067815.46,7.68,0.458,0.0,0.967
1731067815.96,8.33,0.707,0.0,2.31
1731067816.46,7.67,0.796,0.0,0.867
1731067816.96,8.32,0.434,0.0,1.61
1731067817.46,7.67,0.731,0.0,0.798
1731067817.96,8.33,0.681,0.0,1.26
1731067818.46,7.68,0.967,0.0,0.729
1731067818.96,8.32,1.091,0.0,1.16
1731067819.46,7.68,0.567,0.0,0.937
1731067819.96,8.32,0.847,0.0,7.9
1731067820.46,7.67,0.436,0.0,1.1
1731067820.96,8.32,0.943,0.0,0.876
1731067821.46,7.68,0.749,0.0,0.871
1731067821.96,8.31,0.592,0.0,1.7
1731067822.46,7.68,0.999,0.0,0.884
1731067822.96,8.32,0.475,0.0,1.47
1731067823.46,7.69,0.411,0.0,0.772
1731067823.96,8.31,0.351,0.0,1.28
1731067824.46,7.68,0.445,0.0,0.852
1731067824.96,7.69,0.427,0.0,1.33
1731067825.46,8.31,0.473,0.0,0.868
1731067825.96,8.33,1.09,0.0,1.46
1731067826.46,7.68,0.592,0.0,0.864
1731067826.96,8.33,0.645,0.0,1.68
1731067827.46,7.67,0.524,0.0,0.979
1731067827.96,8.33,0.585,0.0,1.38
1731067828.46,7.68,0.809,0.0,2.43
1731067828.96,8.31,0.563,0.0,1.23
1731067829.46,7.68,0.634,0.0,5.22
1731067829.96,8.32,0.859,0.0,2.87
1731067830.46,7.68,0.797,0.0,1.48
1731067830.96,8.32,0.754,0.0,2.89
1731067831.46,7.68,0.809,0.0,1.66
1731067831.96,8.32,0.773,0.0,1.84
1731067832.46,7.68,0.523,0.0,2.64
1731067832.96,8.32,0.616,0.0,1.93
1731067833.46,7.68,0.516,0.0,1.93
1731067833.96,8.31,0.301,0.0,2.28
1731067834.46,7.68,0.615,0.0,6.88
1731067834.96,8.32,0.3,0.0,1.04
1731067835.46,7.68,0.625,0.0,0.908
1731067835.96,8.31,0.515,0.0,1.36
1731067836.46,7.68,0.695,0.0,1.04
1731067836.96,8.32,0.721,0.0,0.878
1731067837.46,7.68,0.45,0.0,1.58
1731067837.96,8.32,0.69,0.0,0.847
1731067838.46,7.68,0.482,0.0,1.58
1731067838.96,8.32,0.793,0.0,1.06
1731067839.46,7.68,1.146,0.0,0.917
1731067839.96,8.32,0.559,0.0,3.21
1731067840.46,7.68,0.996,0.0,7.16
1731067840.96,8.32,0.702,0.0,0.992
1731067841.46,7.67,0.467,0.0,1.14
1731067841.96,7.68,0.306,0.0,0.752
1731067842.46,8.32,0.388,0.0,NA
1731067842.96,8.32,0.903,0.0,1.26
1731067843.46,7.69,0.466,0.0,0.953
1731067843.96,8.31,0.983,0.0,1.34
1731067844.46,7.68,0.511,0.0,0.989
1731067844.96,8.32,0.49,0.0,0.897
1731067845.46,7.68,0.708,0.0,1.09
1731067845.96,8.32,0.453,0.0,0.856
1731067846.46,7.68,0.399,0.0,1.3
1731067846.96,8.32,0.227,0.0,0.893
1731067847.46,7.68,0.526,0.0,1.41
1731067847.96,7.68,0.67,0.0769230769230769,1.14
1731067848.46,7.68,0.643,0.0,4.19
1731067848.96,8.31,1.272,0.0,1.27
1731067849.46,7.68,0.799,0.0,0.781
1731067849.96,8.32,0.706,0.0,1.07
1731067850.46,7.68,0.539,0.0,1.26
1731067850.96,8.32,0.692,0.0,1.17
1731067851.46,7.68,0.549,0.0,1.15
1731067851.96,8.33,0.302,0.0,0.832
1731067852.46,7.67,0.623,0.0,1.64
1731067852.96,8.32,0.654,0.0,1.08
1731067853.46,7.68,0.648,0.0,1.18
1731067853.96,8.32,0.521,0.0,1.41
1731067854.46,7.68,0.331,0.0,0.806
1731067854.96,8.32,0.519,0.0,1.23
1731067855.46,7.68,0.296,0.0,0.816
1731067855.96,8.32,0.605,0.0,1.72
1731067856.46,7.67,0.551,0.0,0.883
1731067856.96,8.32,0.254,0.0,1.06
1731067857.46,7.69,0.57,0.0,0.831
1731067857.96,8.31,0.307,0.0,1.06
1731067858.46,7.68,0.654,0.0,1.02
1731067858.96,7.68,0.37,0.0,7.88
1731067859.46,8.32,0.777,0.0,0.785
1731067859.96,8.32,0.791,0.0,1.77
1731067860.46,7.68,0.447,0.0,0.791
1731067860.96,8.32,0.718,0.0,1.5
1731067861.46,7.69,0.568,0.0,1.0
1731067861.96,8.31,0.854,0.0,1.51
1731067862.46,7.69,0.655,0.0,0.863
1731067862.96,8.31,0.536,0.0,1.31
1731067863.46,7.68,0.833,0.0,0.986
1731067863.96,8.32,0.415,0.0,1.22
1731067864.46,7.69,0.872,0.0,0.914
1731067864.96,8.31,0.43,0.0,1.75
1731067865.46,7.69,0.74,0.0,1.09
1731067865.96,8.32,1.096,0.0,1.74
1731067866.46,7.68,0.525,0.0,0.828
1731067866.96,8.33,1.012,0.0,1.32
1731067867.46,7.67,0.583,0.0,0.854
1731067867.96,8.32,0.55,0.0,1.54
1731067868.46,7.68,0.458,0.0,0.946
1731067868.96,8.32,0.477,0.0,1.31
1731067869.46,7.69,1.076,0.0,0.939
1731067869.96,8.31,0.496,0.0,0.825
1731067870.46,7.68,0.54,0.0,1.39
1731067870.96,8.32,1.015,0.0,0.894
1731067871.46,7.69,0.933,0.0,2.13
1731067871.96,8.31,0.616,0.0,0.932
1731067872.46,7.68,0.38,0.0,1.51
1731067872.96,8.32,0.514,0.0,1.26
1731067873.46,7.68,0.44,0.0,1.29
1731067873.96,8.32,0.558,0.0,1.06
1731067874.46,7.68,0.563,0.0,7.65
1731067874.96,8.32,0.387,0.0,0.821
1731067875.46,7.68,0.698,0.0,5.21
1731067875.96,7.68,0.513,0.0,1.23
1731067876.46,8.31,0.663,0.0,1.41
1731067876.96,8.32,0.531,0.0,1.4
1731067877.46,7.69,0.791,0.0,0.904
1731067877.96,8.31,0.799,0.0,1.69
1731067878.46,7.68,0.393,0.0,1.11
1731067878.96,8.31,0.635,0.0,1.96
1731067879.46,7.68,0.438,0.0,1.54
1731067879.96,8.32,0.743,0.0,0.806
1731067880.46,7.68,0.857,0.0,1.6
1731067880.96,8.33,0.401,0.0,0.984
1731067881.46,7.68,0.746,0.0,1.51
1731067881.96,8.32,0.356,0.0,2.23
1731067882.46,7.68,0.818,0.0,1.29
1731067882.96,8.32,0.859,0.0,1.57
1731067883.46,7.68,0.419,0.0,1.14
1731067883.96,8.33,0.755,0.0,0.87
1731067884.46,7.68,0.423,0.0,1.49
1731067884.96,8.32,0.837,0.0,0.898
1731067885.46,7.68,0.458,0.0,1.89
1731067885.96,8.32,0.455,0.0,1.09
1731067886.46,7.68,0.838,0.0,0.828
1731067886.96,8.32,0.426,0.0,NA
1731067887.46,7.68,0.939,0.0,1.62
1731067887.96,8.32,0.505,0.0,1.12
1731067888.46,7.68,0.536,0.0,1.5
1731067888.96,7.68,0.46,0.0,0.851
1731067889.46,8.32,0.495,0.0,1.27
1731067889.96,8.32,1.058,0.0,2.74
1731067890.46,7.68,0.736,0.0,1.26
1731067890.96,8.31,0.624,0.0,1.23
1731067891.46,7.68,0.469,0.0,0.838
1731067891.96,7.04,12.138,0.1538461538461538,1.22
1731067892.46,7.68,6.107,0.0,50.5
1731067892.96,8.32,3.154,0.0,1.05
1731067893.46,7.68,1.915,0.0,1.18
1731067893.96,8.32,1.069,0.0,0.805
1731067894.46,7.04,0.913,0.0833333333333333,3.02
1731067894.96,8.32,1.157,0.0,3.59
1731067895.46,7.68,0.668,0.0,1.77
1731067895.96,8.32,0.864,0.0,1.39
1731067896.46,7.68,0.637,0.0,0.907
1731067896.96,8.32,0.655,0.0,1.09
1731067897.46,7.68,0.549,0.0,1.08
1731067897.96,8.32,0.271,0.0,7.35
1731067898.46,7.68,0.578,0.0,1.17
1731067898.96,8.33,0.292,0.0,0.861
1731067899.46,7.67,0.786,0.0,1.3
1731067899.96,8.32,0.576,0.0,0.789
1731067900.46,7.68,0.722,0.0,1.29
1731067900.96,8.32,0.741,0.0,0.892
1731067901.46,7.68,0.394,0.0,1.07
1731067901.96,8.31,0.69,0.0,0.869
1731067902.46,7.04,13.953,0.0833333333333333,1.1
1731067902.96,8.32,6.582,0.0,90.1
1731067903.46,7.68,3.569,0.0,1.21
1731067903.96,8.32,1.642,0.0,0.866
1731067904.46,7.68,1.011,0.0,1.08
1731067904.96,8.32,0.56,0.0,0.882
1731067905.46,7.68,0.642,0.0,1.08
1731067905.96,7.69,0.32,0.0,1.02
1731067906.46,8.31,0.429,0.0,1.05
1731067906.96,8.32,0.813,0.0,1.12
1731067907.46,7.68,0.424,0.0,0.883
1731067907.96,8.32,0.901,0.0,1.29
1731067908.46,6.4,2.117,0.0,0.981
1731067908.96,8.95,6.442,0.0666666666666666,126.0
1731067909.46,7.68,3.428,0.0,0.928
1731067909.96,8.32,1.644,0.0,0.794
1731067910.46,7.68,1.797,0.0,1.06
1731067910.96,8.33,0.996,0.0,0.872
1731067911.46,7.67,0.821,0.0,1.33
1731067911.96,8.32,0.67,0.0,1.15
1731067912.46,7.68,0.78,0.0,1.09
1731067912.96,8.33,1.201,0.0,1.09
1731067913.46,7.68,0.838,0.0,0.711
1731067913.96,8.32,0.846,0.0,1.0
1731067914.46,7.68,0.624,0.0,0.798
1731067914.96,8.32,0.55,0.0,1.06
1731067915.46,7.69,2.409,0.0,1.0
1731067915.96,8.31,1.411,0.0,1.06
1731067916.46,7.69,1.08,0.0,6.22
1731067916.96,8.31,0.693,0.0,0.675
1731067917.46,7.68,0.648,0.0,4.06
1731067917.96,8.33,0.52,0.0,0.887
1731067918.46,7.67,0.422,0.0,0.798
1731067918.96,8.32,0.638,0.0,1.24
1731067919.46,7.69,0.323,0.0,0.926
1731067919.96,8.31,0.614,0.0,1.35
1731067920.46,7.69,0.622,0.0,1.3
1731067920.96,8.31,0.735,0.0,0.849
1731067921.46,7.69,0.815,0.0,0.827
1731067921.96,8.32,0.425,0.0,4.17
1731067922.46,7.68,0.869,0.0,0.767
1731067922.96,7.68,0.504,0.0,0.768
1731067923.46,8.32,0.415,0.0,1.1
1731067923.96,8.32,0.678,0.0,1.19
1731067924.46,7.68,0.358,0.0,1.49
1731067924.96,8.33,0.729,0.0,1.51
1731067925.46,7.68,0.521,0.0,1.49
1731067925.96,8.32,0.55,0.0,1.72
1731067926.46,7.68,0.55,0.0,0.886
1731067926.96,8.32,0.448,0.0,1.31
1731067927.46,7.68,0.839,0.0,2.02
1731067927.96,8.32,0.457,0.0,1.16
1731067928.46,7.68,0.917,0.0,1.11
1731067928.96,8.33,0.529,0.0,0.925
1731067929.46,7.67,0.495,0.0,1.18
1731067929.96,8.32,0.861,0.0,0.891
1731067930.46,7.67,0.434,0.0,1.3
1731067930.96,8.33,1.012,0.0,0.845
1731067931.46,7.68,0.577,0.0,1.16
1731067931.96,8.32,0.822,0.0,1.13
1731067932.46,7.67,0.819,0.0,0.702
1731067932.96,8.32,0.708,0.0,1.06
1731067933.46,7.68,1.212,0.0,1.07
1731067933.96,8.32,0.877,0.0,10.1
1731067934.46,7.68,0.733,0.0,0.903
1731067934.96,8.33,0.507,0.0,0.769
1731067935.46,7.67,0.619,0.0,NA
1731067935.96,7.68,0.528,0.0,0.851
1731067936.46,8.32,0.596,0.0,1.54
1731067936.96,8.31,0.797,0.0,0.879
1731067937.46,7.68,0.606,0.0,1.36
1731067937.96,8.32,0.584,0.0,0.844
1731067938.46,7.68,0.521,0.0,1.04
1731067938.96,8.32,0.632,0.0,0.847
1731067939.46,7.68,0.681,0.0,1.08
1731067939.96,7.68,0.335,0.0,0.877
1731067940.46,8.32,0.642,0.0,1.02
1731067940.96,8.32,0.67,0.0,0.807
1731067941.46,7.68,0.788,0.0,1.75
1731067941.96,8.32,0.765,0.0,0.952
1731067942.46,7.68,0.672,0.0,1.12
1731067942.96,8.32,0.789,0.0,1.36
1731067943.46,7.68,0.663,0.0,0.861
1731067943.96,8.32,0.449,0.0,1.5
1731067944.46,7.69,0.768,0.0,1.3
1731067944.96,8.32,0.371,0.0,2.07
1731067945.46,7.68,0.702,0.0,0.849
1731067945.96,8.32,0.381,0.0,1.01
1731067946.46,7.67,0.803,0.0,0.847
1731067946.96,8.32,0.987,0.0,1.4
1731067947.46,7.69,0.533,0.0,0.799
1731067947.96,8.32,0.906,0.0,1.3
1731067948.46,7.68,0.469,0.0,0.837
1731067948.96,8.32,0.901,0.0,1.06
1731067949.46,7.68,0.469,0.0,0.91
1731067949.96,8.32,0.469,0.0,1.19
1731067950.46,7.68,0.884,0.0,1.07
1731067950.96,8.32,0.448,0.0,1.09
1731067951.46,7.68,1.019,0.0,1.04
1731067951.96,7.69,0.518,0.0769230769230769,0.817
1731067952.46,7.68,0.802,0.0,1.33
1731067952.96,7.68,0.597,0.0,0.912
1731067953.46,8.31,0.517,0.0,1.0
1731067953.96,8.32,0.912,0.0,0.728
1731067954.46,7.68,1.865,0.0,1.26
1731067954.96,8.32,1.215,0.0,0.973
1731067955.46,7.68,0.949,0.0,1.23
1731067955.96,8.31,0.725,0.0,5.01
1731067956.46,7.68,0.909,0.0,0.828
1731067956.96,8.33,0.585,0.0,4.69
1731067957.46,7.68,0.596,0.0,0.902
1731067957.96,8.33,0.497,0.0,3.85
1731067958.46,7.68,0.528,0.0,0.884
1731067958.96,8.32,0.436,0.0,1.01
1731067959.46,7.68,0.265,0.0,0.994
1731067959.96,8.31,0.493,0.0,0.946
1731067960.46,7.68,0.387,0.0,1.02
1731067960.96,8.32,0.56,0.0,0.837
1731067961.46,7.68,0.719,0.0,1.07
1731067961.96,8.32,0.751,0.0,0.862
1731067962.46,7.68,0.776,0.0,0.972
1731067962.96,8.32,0.459,0.0,2.54
1731067963.46,7.68,0.872,0.0,0.929
1731067963.96,8.32,0.69,0.0,0.802
1731067964.46,7.67,0.784,0.0,1.1
1731067964.96,8.32,0.833,0.0,0.99
1731067965.46,7.68,0.436,0.0,0.969
1731067965.96,8.32,0.769,0.0,0.889
1731067966.46,7.68,0.443,0.0,1.11
1731067966.96,8.32,0.787,0.0,1.1
1731067967.46,7.68,0.897,0.0,0.971
1731067967.96,8.32,0.407,0.0,1.3
1731067968.46,7.68,0.775,0.0,3.97
1731067968.96,8.33,0.386,0.0,0.934
1731067969.46,7.68,0.842,0.0,0.826
1731067969.96,7.68,0.453,0.0,1.04
1731067970.46,8.33,0.484,0.0,0.984
1731067970.96,8.32,0.786,0.0,1.06
1731067971.46,7.68,0.425,0.0,0.907
1731067971.96,8.32,0.884,0.0,0.829
1731067972.46,7.68,0.6,0.0,1.25
1731067972.96,8.32,0.545,0.0,0.806
1731067973.46,7.69,0.739,0.0,1.48
1731067973.96,8.3,0.556,0.0,0.915
1731067974.46,7.68,1.06,0.0,2.19
1731067974.96,8.32,0.538,0.0,0.921
1731067975.46,7.68,0.549,0.0,1.03
1731067975.96,8.32,0.661,0.0,0.907
1731067976.46,7.68,0.615,0.0,1.33
1731067976.96,8.32,1.129,0.0,0.838
1731067977.46,7.68,0.633,0.0,NA
1731067977.96,8.32,0.631,0.0,1.07
1731067978.46,7.68,0.517,0.0,0.976
1731067978.96,8.32,0.564,0.0,8.25
1731067979.46,7.67,0.476,0.0,0.839
1731067979.96,8.32,0.515,0.0,1.24
1731067980.46,7.68,0.655,0.0,0.845
1731067980.96,8.32,0.515,0.0,2.82
1731067981.46,7.69,0.593,0.0,3.0
1731067981.96,8.32,0.492,0.0,NA
1731067982.46,7.67,0.744,0.0,1.34
1731067982.96,8.33,0.694,0.0,0.964
1731067983.46,7.67,0.549,0.0,1.45
1731067983.96,7.68,0.704,0.0,1.08
1731067984.46,7.68,0.59,0.0769230769230769,0.776
1731067984.96,8.32,0.315,0.0,1.45
1731067985.46,7.68,0.595,0.0,0.71
1731067985.96,8.32,0.292,0.0,1.26
1731067986.46,7.68,0.61,0.0,0.759
1731067986.96,7.68,0.516,0.0,1.24
1731067987.46,8.32,0.884,0.0,0.732
1731067987.96,8.32,1.11,0.0,1.07
1731067988.46,7.68,0.671,0.0,1.23
1731067988.96,8.32,0.839,0.0,2.26
1731067989.46,7.68,0.446,0.0,1.11
1731067989.96,8.32,0.849,0.0,0.799
1731067990.46,7.68,0.695,0.0,1.28
1731067990.96,8.32,0.468,0.0,0.785
1731067991.46,7.68,0.813,0.0,1.29
1731067991.96,8.32,0.421,0.0,0.839
1731067992.46,7.68,0.385,0.0,1.32
1731067992.96,8.32,0.282,0.0,0.825
1731067993.46,7.68,0.527,0.0,1.32
1731067993.96,8.32,0.968,0.0,1.06
1731067994.46,7.68,0.594,0.0,1.26
1731067994.96,8.32,0.999,0.0,0.792
1731067995.46,7.69,0.494,0.0,0.814
1731067995.96,8.31,0.52,0.0,1.78
1731067996.46,7.68,0.429,0.0,0.892
1731067996.96,8.32,0.491,0.0,1.31
1731067997.46,7.68,1.24,0.0,1.01
1731067997.96,8.32,0.59,0.0,2.28
1731067998.46,7.68,0.585,0.0,1.3
1731067998.96,8.32,0.446,0.0,9.09
1731067999.46,7.68,0.488,0.0,0.949
1731067999.96,7.68,0.442,0.0,2.58
1731068000.46,8.31,0.451,0.0,3.18
1731068000.96,8.32,0.562,0.0,3.62
1731068001.46,7.68,0.56,0.0,1.98
1731068001.96,8.32,0.555,0.0,3.47
1731068002.46,7.68,0.774,0.0,3.32
1731068002.96,7.68,0.805,0.0769230769230769,3.09
1731068003.46,7.68,0.778,0.0,7.15
1731068003.96,7.67,0.429,0.0,2.91
1731068004.46,7.69,0.66,0.0,1.89
1731068004.96,8.31,0.548,0.0,3.59
1731068005.46,7.68,0.512,0.0,2.11
1731068005.96,8.32,0.691,0.0,0.907
1731068006.46,7.68,0.574,0.0,1.21
1731068006.96,8.32,0.696,0.0,1.04
1731068007.46,7.68,0.525,0.0,0.8
1731068007.96,8.32,0.744,0.0,1.06
1731068008.46,7.68,0.957,0.0,2.8
1731068008.96,8.32,0.466,0.0,1.33
1731068009.46,7.68,0.75,0.0,1.09
1731068009.96,8.32,0.504,0.0,0.775
1731068010.46,7.68,0.388,0.0,1.37
1731068010.96,8.32,0.677,0.0,0.84
1731068011.46,7.68,0.386,0.0,1.53
1731068011.96,8.32,0.748,0.0,0.908
1731068012.46,7.67,0.394,0.0,1.06
1731068012.96,8.32,0.991,0.0,0.828
1731068013.46,7.68,0.532,0.0,1.03
1731068013.96,8.32,0.541,0.0,1.2
1731068014.46,7.68,0.947,0.0,0.918
1731068014.96,8.32,0.536,0.0,0.817
1731068015.46,7.69,0.43,0.0,1.2
1731068015.96,8.32,0.294,0.0,0.954
1731068016.46,7.67,0.58,0.0,0.922
1731068016.96,7.69,0.663,0.0,0.691
1731068017.46,8.32,0.779,0.0,1.31
1731068017.96,8.31,0.803,0.0,0.844
1731068018.46,7.68,0.445,0.0,1.09
1731068018.96,8.32,0.504,0.0,0.918
1731068019.46,7.68,0.451,0.0,8.35
1731068019.96,8.31,0.472,0.0,0.74
1731068020.46,7.68,0.755,0.0,3.68
1731068020.96,8.33,0.568,0.0,3.39
1731068021.46,7.68,0.843,0.0,NA
1731068021.96,8.32,0.671,0.0,3.69
1731068022.46,7.67,0.613,0.0,3.59
1731068022.96,8.32,0.502,0.0,1.33
1731068023.46,7.68,0.714,0.0,3.09
1731068023.96,8.32,0.69,0.0,1.95
1731068024.46,7.68,0.561,0.0,3.09
1731068024.96,8.32,0.632,0.0,5.54
1731068025.46,7.68,0.641,0.0,3.44
1731068025.96,8.32,0.677,0.0,1.65
1731068026.46,7.68,0.877,0.0,1.39
1731068026.96,8.32,0.417,0.0,0.855
1731068027.46,7.68,0.674,0.0,1.52
1731068027.96,8.32,0.549,0.0,1.22
1731068028.46,7.68,0.815,0.0,1.8
1731068028.96,8.32,0.8,0.0,1.34
1731068029.46,7.68,0.462,0.0,4.36
1731068029.96,8.31,0.748,0.0,1.68
1731068030.46,7.69,0.724,0.0,4.33
1731068030.96,8.32,0.923,0.0,0.886
1731068031.46,7.68,0.948,0.0,6.29
1731068031.96,8.33,0.461,0.0,0.877
1731068032.46,7.68,0.779,0.0,1.45
1731068032.96,8.32,0.399,0.0,1.08
1731068033.46,7.68,0.852,0.0,0.863
1731068033.96,7.68,0.513,0.0,0.867
1731068034.46,8.32,0.744,0.0,1.09
1731068034.96,8.32,1.0,0.0,2.28
1731068035.46,7.68,0.693,0.0,1.05
1731068035.96,8.32,1.193,0.0,2.39
1731068036.46,7.68,0.679,0.0,0.873
1731068036.96,8.32,0.613,0.0,1.55
1731068037.46,7.68,0.732,0.0,6.13
1731068037.96,8.31,0.467,0.0,1.08
1731068038.46,7.68,0.877,0.0,1.29
1731068038.96,8.32,0.447,0.0,0.935
1731068039.46,7.03,0.666,0.0,1.22
1731068039.96,7.69,8.214,0.1428571428571428,0.855
1731068040.46,7.68,4.081,0.0,13.3
1731068040.96,8.32,2.329,0.0,0.797
1731068041.46,7.68,1.179,0.0,1.29
1731068041.96,8.32,0.994,0.0,0.688
1731068042.46,7.68,0.862,0.0,1.08
1731068042.96,8.32,0.659,0.0,0.872
1731068043.46,7.68,0.599,0.0,1.07
1731068043.96,8.33,0.651,0.0,0.845
1731068044.46,7.68,0.684,0.0,1.23
1731068044.96,8.32,0.552,0.0,0.866
1731068045.46,7.68,0.577,0.0,1.14
1731068045.96,8.32,0.488,0.0,1.27
1731068046.46,7.69,0.62,0.0,3.64
1731068046.96,8.32,0.747,0.0,0.941
1731068047.46,7.68,0.443,0.0,0.882
1731068047.96,8.32,0.694,0.0,0.776
1731068048.46,7.68,0.79,0.0,0.856
1731068048.96,8.32,0.774,0.0,1.12
1731068049.46,7.68,0.938,0.0,0.83
1731068049.96,8.32,0.474,0.0,1.53
1731068050.46,7.68,0.721,0.0,0.863
1731068050.96,7.68,0.635,0.0,1.31
1731068051.46,8.32,0.875,0.0,0.872
1731068051.96,8.31,0.834,0.0,1.37
1731068052.46,7.68,0.66,0.0,0.904
1731068052.96,8.32,0.834,0.0,1.3
1731068053.46,7.67,0.664,0.0,0.897
1731068053.96,8.33,0.911,0.0,0.891
1731068054.46,7.68,0.897,0.0,1.5
1731068054.96,8.32,0.59,0.0,1.03
1731068055.46,7.68,0.887,0.0,1.32
1731068055.96,8.32,0.54,0.0,0.974
1731068056.46,7.68,0.945,0.0,0.888
1731068056.96,8.32,0.555,0.0,1.05
1731068057.46,7.68,0.544,0.0,0.966
1731068057.96,8.32,0.911,0.0,1.3
1731068058.46,7.68,0.475,0.0,0.874
1731068058.96,7.68,0.419,0.0769230769230769,0.984
1731068059.46,7.68,0.43,0.0,1.0
1731068059.96,8.32,0.477,0.0,0.797
1731068060.46,7.68,0.5,0.0,1.35
1731068060.96,8.32,0.493,0.0,0.936
1731068061.46,7.68,1.169,0.0,2.4
1731068061.96,8.32,0.591,0.0,1.15
1731068062.46,7.68,0.842,0.0,0.819
1731068062.96,8.32,0.634,0.0,1.76
1731068063.46,7.68,0.584,0.0,0.836
1731068063.96,7.68,0.536,0.0,1.09
1731068064.46,8.33,0.587,0.0,0.894
1731068064.96,8.31,0.612,0.0,1.1
1731068065.46,7.68,0.528,0.0,0.965
1731068065.96,8.32,0.533,0.0,1.05
1731068066.46,7.68,0.488,0.0,0.84
1731068066.96,8.32,0.578,0.0,0.88
1731068067.46,7.69,0.697,0.0,1.66
1731068067.96,7.67,0.401,0.0,0.733
1731068068.46,7.68,0.427,0.0769230769230769,1.65
1731068068.96,8.32,0.42,0.0,0.921
1731068069.46,7.68,0.356,0.0,1.24
1731068069.96,8.32,0.655,0.0,0.851
1731068070.46,7.68,0.357,0.0,0.875
1731068070.96,8.32,0.723,0.0,NA
1731068071.46,7.68,0.661,0.0,1.32
1731068071.96,8.32,0.791,0.0,1.04
1731068072.46,7.68,0.898,0.0,1.21
1731068072.96,8.32,0.489,0.0,5.25
1731068073.46,7.68,0.761,0.0,0.765
1731068073.96,8.32,0.531,0.0,4.58
1731068074.46,7.68,0.43,0.0,0.83
1731068074.96,8.32,0.702,0.0,5.0
1731068075.46,7.68,0.375,0.0,0.847
1731068075.96,8.32,0.731,0.0,4.29
1731068076.46,7.68,0.422,0.0,1.0
1731068076.96,8.32,0.889,0.0,1.49
1731068077.46,7.68,0.483,0.0,1.31
1731068077.96,8.32,0.499,0.0,0.882
1731068078.46,7.68,0.868,0.0,0.873
1731068078.96,7.68,0.443,0.0,2.45
1731068079.46,8.32,0.592,0.0,1.07
1731068079.96,8.32,0.282,0.0,1.76
1731068080.46,7.68,0.426,0.0,1.4
1731068080.96,7.68,0.405,0.0,0.983
1731068081.46,8.32,0.45,0.0,1.44
1731068081.96,8.32,1.004,0.0,0.787
1731068082.46,7.68,0.573,0.0,1.52
1731068082.96,8.32,0.634,0.0,3.14
1731068083.46,7.68,0.573,0.0,3.83
1731068083.96,8.32,0.665,0.0,3.82
1731068084.46,7.68,0.964,0.0,2.18
1731068084.96,8.32,0.612,0.0,3.54
1731068085.46,7.68,0.661,0.0,2.66
1731068085.96,8.32,0.501,0.0,6.26
1731068086.46,7.67,0.598,0.0,3.94
1731068086.96,8.32,0.455,0.0,0.763
1731068087.46,7.68,0.604,0.0,1.12
1731068087.96,8.32,0.658,0.0,0.845
1731068088.46,7.68,0.451,0.0,2.83
1731068088.96,7.68,0.721,0.0769230769230769,3.36
1731068089.46,7.68,0.681,0.0,1.19
1731068089.96,8.32,0.36,0.0,1.16
1731068090.46,7.67,0.616,0.0,0.957
1731068090.96,8.32,0.297,0.0,1.12
1731068091.46,7.68,0.608,0.0,0.869
1731068091.96,8.33,0.521,0.0,1.9
1731068092.46,7.67,0.454,0.0,1.05
1731068092.96,8.32,0.624,0.0,8.36
1731068093.46,7.68,0.348,0.0,1.26
1731068093.96,8.32,0.674,0.0,0.885
1731068094.46,7.68,0.521,0.0,1.72
1731068094.96,7.68,0.847,0.0769230769230769,1.3
1731068095.46,7.68,1.036,0.0,1.4
1731068095.96,8.33,0.515,0.0,0.89
1731068096.46,7.68,0.826,0.0,0.828
1731068096.96,8.32,0.406,0.0,2.1
1731068097.46,7.04,0.369,0.0833333333333333,1.46
1731068097.96,7.68,0.276,0.0,2.08
1731068098.46,8.33,0.38,0.0,1.45
1731068098.96,8.32,0.803,0.0,0.931
1731068099.46,7.68,0.521,0.0,3.72
1731068099.96,8.32,1.11,0.0,0.925
1731068100.46,7.68,0.616,0.0,2.74
1731068100.96,8.32,0.657,0.0,4.28
1731068101.46,7.68,0.833,0.0,3.59
1731068101.96,8.32,0.586,0.0,3.21
1731068102.46,7.68,1.056,0.0,1.07
1731068102.96,8.32,0.514,0.0,1.33
1731068103.46,7.68,0.546,0.0,1.64
1731068103.96,8.33,0.575,0.0,1.59
1731068104.46,7.68,0.549,0.0,2.2
1731068104.96,8.32,0.415,0.0,2.16
1731068105.46,7.68,0.355,0.0,0.966
1731068105.96,8.32,0.478,0.0,0.901
1731068106.46,7.68,0.45,0.0,1.72
1731068106.96,8.31,0.533,0.0,0.837
1731068107.46,7.68,0.529,0.0,1.34
1731068107.96,8.31,0.587,0.0,0.855
1731068108.46,5.12,1.753,0.0,1.56
1731068108.96,10.2,5.838,0.0588235294117647,0.689
1731068109.46,7.68,3.049,0.0,1.26
1731068109.96,8.32,1.655,0.0,0.804
1731068110.46,7.68,1.177,0.0,1.74
1731068110.96,8.32,0.888,0.0,0.838
1731068111.46,7.67,0.45,0.0,1.28
1731068111.96,8.32,0.62,0.0,0.812
1731068112.46,7.68,0.548,0.0,1.33
1731068112.96,8.32,0.983,0.0,0.726
1731068113.46,7.68,1.23,0.0,1.41
1731068113.96,8.32,0.65,0.0,0.854
1731068114.46,7.68,0.917,0.0,1.31
1731068114.96,7.69,0.532,0.0,0.803
1731068115.46,8.32,1.304,0.0,NA
1731068115.96,8.32,1.006,0.0,1.12
1731068116.46,7.67,0.517,0.0,1.02
1731068116.96,8.32,0.745,0.0,0.756
1731068117.46,7.68,0.486,0.0,1.07
1731068117.96,8.31,0.428,0.0,0.909
1731068118.46,7.68,0.671,0.0,1.02
1731068118.96,8.32,0.456,0.0,2.91
1731068119.46,7.68,0.796,0.0,0.785
1731068119.96,8.32,0.414,0.0,1.62
1731068120.46,7.68,0.921,0.0,8.09
1731068120.96,8.32,0.467,0.0,1.09
1731068121.46,7.68,0.491,0.0,0.807
1731068121.96,8.32,0.874,0.0,1.08
1731068122.46,7.69,0.695,0.0,1.45
1731068122.96,8.31,1.149,0.0,0.803
1731068123.46,7.68,0.605,0.0,1.5
1731068123.96,8.31,0.58,0.0,0.827
1731068124.46,7.69,0.501,0.0,1.05
1731068124.96,8.31,0.554,0.0,0.937
1731068125.46,7.69,0.459,0.0,0.825
1731068125.96,8.32,0.382,0.0,1.11
1731068126.46,7.68,0.473,0.0,2.45
1731068126.96,8.32,0.654,0.0,1.43
1731068127.46,7.68,0.667,0.0,1.22
1731068127.96,7.68,0.801,0.0,0.964
1731068128.46,8.32,0.834,0.0,1.27
1731068128.96,8.32,0.727,0.0,0.824
1731068129.46,7.68,0.706,0.0,1.27
1731068129.96,8.32,0.64,0.0,0.907
1731068130.46,7.68,0.507,0.0,1.96
1731068130.96,8.31,0.362,0.0,1.08
1731068131.46,7.69,0.606,0.0,0.912
1731068131.96,7.67,0.683,0.0,0.882
1731068132.46,8.32,0.736,0.0,1.36
1731068132.96,8.32,1.078,0.0,1.02
1731068133.46,7.68,1.21,0.0,0.872
1731068133.96,8.33,1.026,0.0,1.08
1731068134.46,7.67,0.505,0.0,0.819
1731068134.96,8.32,0.752,0.0,1.26
1731068135.46,7.68,0.567,0.0,0.902
1731068135.96,8.32,0.851,0.0,1.62
1731068136.46,7.68,1.122,0.0,0.965
1731068136.96,8.32,0.573,0.0,1.55
1731068137.46,7.68,0.827,0.0,1.08
1731068137.96,8.32,0.491,0.0,1.13
1731068138.46,7.68,0.854,0.0,4.13
1731068138.96,8.33,0.848,0.0,0.767
1731068139.46,7.68,0.424,0.0,1.75
1731068139.96,8.32,0.753,0.0,0.98
1731068140.46,7.68,0.391,0.0,1.31
1731068140.96,8.32,0.437,0.0,1.19
1731068141.46,7.68,0.264,0.0,0.838
1731068141.96,8.33,0.422,0.0,1.53
1731068142.46,7.68,0.935,0.0,1.04
1731068142.96,8.32,0.55,0.0,1.67
1731068143.46,7.68,1.147,0.0,1.12
1731068143.96,8.32,0.755,0.0,0.734
1731068144.46,7.68,0.636,0.0,1.52
1731068144.96,7.68,0.521,0.0,1.04
1731068145.46,8.32,0.518,0.0,1.16
1731068145.96,8.32,1.103,0.0,5.69
1731068146.46,7.69,0.857,0.0,0.866
1731068146.96,8.32,0.675,0.0,5.2
1731068147.46,7.68,0.528,0.0,0.859
1731068147.96,8.32,0.508,0.0,4.61
1731068148.46,7.68,0.783,0.0,0.907
1731068148.96,8.31,0.544,0.0,4.73
1731068149.46,7.68,0.65,0.0,0.832
1731068149.96,8.32,0.531,0.0,3.93
1731068150.46,7.67,0.584,0.0,0.858
1731068150.96,7.69,0.488,0.0769230769230769,6.12
1731068151.46,7.68,0.656,0.0,2.22
1731068151.96,8.32,0.674,0.0,3.49
1731068152.46,7.68,0.62,0.0,3.1
1731068152.96,8.32,0.666,0.0,2.87
1731068153.46,7.68,0.787,0.0,3.87
1731068153.96,8.32,0.744,0.0,3.05
1731068154.46,7.69,0.88,0.0,2.05
1731068154.96,8.32,0.442,0.0,3.28
1731068155.46,7.68,1.057,0.0,9.93
1731068155.96,8.32,0.747,0.0,2.39
1731068156.46,7.69,0.892,0.0,1.01
1731068156.96,8.31,0.851,0.0,3.06
1731068157.46,7.68,0.588,0.0,3.56
1731068157.96,8.32,0.774,0.0,1.55
1731068158.46,7.68,0.461,0.0,1.01
1731068158.96,8.32,0.828,0.0,1.12
1731068159.46,7.68,0.857,0.0,1.04
1731068159.96,8.32,0.474,0.0,4.35
1731068160.46,7.68,0.767,0.0,1.77
1731068160.96,8.32,0.399,0.0,2.0
1731068161.46,7.68,0.943,0.0,1.43
1731068161.96,7.69,0.676,0.0,2.62
1731068162.46,8.31,0.539,0.0,2.58
1731068162.96,8.33,0.827,0.0,0.811
1731068163.46,7.67,0.592,0.0,1.24
1731068163.96,8.32,0.428,0.0,0.926
1731068164.46,7.68,0.334,0.0,0.941
1731068164.96,8.33,0.516,0.0,0.78
1731068165.46,7.67,0.846,0.0,1.5
1731068165.96,8.32,0.578,0.0,1.52
1731068166.46,7.68,1.071,0.0,7.51
1731068166.96,8.33,0.492,0.0,0.8
1731068167.46,7.68,0.532,0.0,1.25
1731068167.96,8.32,0.429,0.0,0.791
1731068168.46,7.68,0.534,0.0,1.09
1731068168.96,8.32,1.28,0.0,1.1
1731068169.46,7.68,0.804,0.0,1.07
1731068169.96,8.32,0.734,0.0,0.736
1731068170.46,7.68,0.627,0.0,1.26
1731068170.96,8.32,0.768,0.0,0.937
1731068171.46,7.68,0.579,0.0,0.85
1731068171.96,8.31,0.618,0.0,1.75
1731068172.46,7.68,0.626,0.0,1.08
1731068172.96,8.32,0.565,0.0,2.16
1731068173.46,7.69,0.58,0.0,1.36
1731068173.96,8.31,0.528,0.0,0.975
1731068174.46,7.68,0.666,0.0,0.79
1731068174.96,8.33,0.737,0.0,2.09
1731068175.46,7.68,0.432,0.0,1.4
1731068175.96,8.31,0.746,0.0,1.89
1731068176.46,7.68,0.68,0.0,1.42
1731068176.96,8.33,0.73,0.0,1.1
1731068177.46,7.67,1.093,0.0,2.75
1731068177.96,8.33,0.504,0.0,NA
1731068178.46,7.67,0.935,0.0,6.36
1731068178.96,7.69,0.603,0.0,NA
1731068179.46,8.31,0.854,0.0,4.04
1731068179.96,8.33,0.954,0.0,1.19
1731068180.46,7.67,0.528,0.0,0.915
1731068180.96,8.32,0.749,0.0,0.84
1731068181.46,7.68,0.42,0.0,1.31
1731068181.96,8.32,0.741,0.0,0.757
1731068182.46,7.68,0.613,0.0,1.69
1731068182.96,8.32,0.405,0.0,0.955
1731068183.46,7.68,0.826,0.0,1.79
1731068183.96,8.32,0.402,0.0,1.71
1731068184.46,7.68,0.582,0.0,1.19
1731068184.96,8.33,0.319,0.0,1.37
1731068185.46,7.68,0.459,0.0,3.28
1731068185.96,8.31,0.853,0.0,1.22
1731068186.46,7.68,0.578,0.0,2.35
1731068186.96,8.32,1.019,0.0,1.18
1731068187.46,7.68,0.877,0.0,1.88
1731068187.96,8.32,0.664,0.0,1.78
1731068188.46,7.68,0.733,0.0,6.46
1731068188.96,8.32,0.583,0.0,1.92
1731068189.46,7.68,1.365,0.0,1.06
1731068189.96,8.32,0.658,0.0,1.76
1731068190.46,7.68,0.901,0.0,8.34
1731068190.96,7.67,0.741,0.0769230769230769,1.19
1731068191.46,7.68,0.712,0.0,1.08
1731068191.96,7.68,0.548,0.0,0.779
1731068192.46,8.32,0.58,0.0,1.57
1731068192.96,8.32,0.605,0.0,0.724
1731068193.46,7.68,0.514,0.0,1.96
1731068193.96,8.32,0.535,0.0,0.985
1731068194.46,7.68,0.48,0.0,1.49
1731068194.96,8.32,0.586,0.0,1.41
1731068195.46,7.68,0.662,0.0,1.28
1731068195.96,7.68,0.356,0.0,2.03
1731068196.46,8.32,0.64,0.0,1.56
1731068196.96,8.33,0.568,0.0,1.96
1731068197.46,7.68,0.77,0.0,2.14
1731068197.96,7.68,1.242,0.0769230769230769,0.951
1731068198.46,7.68,0.615,0.0,1.03
1731068198.96,8.32,0.914,0.0,1.12
1731068199.46,7.68,0.561,0.0,1.18
1731068199.96,8.32,0.738,0.0,0.875
1731068200.46,7.69,0.836,0.0,1.54
1731068200.96,8.32,0.385,0.0,0.825
1731068201.46,7.67,0.731,0.0,1.48
1731068201.96,8.33,0.351,0.0,0.865
1731068202.46,7.68,0.507,0.0,1.14
1731068202.96,8.17,0.897,0.0,0.984
1731068203.46,7.83,0.43,0.0,1.17
1731068203.96,8.32,0.765,0.0,1.13
1731068204.46,6.39,11.299,0.1666666666666666,0.831
1731068204.96,8.32,5.619,0.0,55.8
1731068205.46,7.68,2.627,0.0,0.903
1731068205.96,8.32,1.435,0.0,3.02
1731068206.46,7.68,1.309,0.0,0.79
1731068206.96,8.32,0.819,0.0,1.35
1731068207.46,7.68,1.115,0.0,0.933
1731068207.96,8.32,0.553,0.0,1.25
1731068208.46,7.68,0.531,0.0,0.876
1731068208.96,7.68,0.477,0.0,1.1
1731068209.46,7.68,0.501,0.0769230769230769,0.905
1731068209.96,8.33,1.035,0.0,1.1
1731068210.46,7.67,0.875,0.0,0.94
1731068210.96,8.32,0.712,0.0,0.819
1731068211.46,7.68,0.979,0.0,1.29
1731068211.96,8.32,0.701,0.0,0.862
1731068212.46,7.68,0.978,0.0,1.66
1731068212.96,7.68,0.672,0.0,0.854
1731068213.46,8.32,0.77,0.0,0.841
1731068213.96,8.32,0.534,0.0,1.43
1731068214.46,7.69,0.557,0.0,0.922
1731068214.96,8.32,0.508,0.0,1.0
1731068215.46,7.67,0.406,0.0,5.11
1731068215.96,8.33,0.612,0.0,0.843
1731068216.46,7.68,0.562,0.0,1.04
1731068216.96,8.33,0.617,0.0,0.761
1731068217.46,7.67,0.557,0.0,1.36
1731068217.96,8.33,0.652,0.0,0.93
1731068218.46,7.68,0.78,0.0,0.895
1731068218.96,8.31,0.575,0.0,1.29
1731068219.46,7.68,0.797,0.0,0.795
1731068219.96,8.32,0.678,0.0,1.07
1731068220.46,7.68,0.879,0.0,0.984
1731068220.96,8.32,0.935,0.0,0.962
1731068221.46,7.68,0.455,0.0,3.32
1731068221.96,8.32,0.873,0.0,0.829
1731068222.46,7.68,0.527,0.0,1.13
1731068222.96,8.31,0.479,0.0,6.49
1731068223.46,7.68,0.686,0.0,1.34
1731068223.96,8.32,0.371,0.0,1.15
1731068224.46,7.68,0.739,0.0,0.828
1731068224.96,8.32,0.568,0.0,1.31
1731068225.46,7.69,0.419,0.0,0.863
1731068225.96,7.68,0.421,0.0,1.22
1731068226.46,8.32,0.425,0.0,0.858
1731068226.96,8.32,0.816,0.0,NA
1731068227.46,7.68,0.42,0.0,2.82
1731068227.96,8.31,0.909,0.0,2.14
1731068228.46,7.68,0.586,0.0,1.18
1731068228.96,8.32,0.552,0.0,0.813
1731068229.46,7.68,0.726,0.0,1.24
1731068229.96,8.32,0.558,0.0,0.83
1731068230.46,7.68,0.466,0.0,1.11
1731068230.96,8.33,0.252,0.0,1.0
1731068231.46,7.68,0.61,0.0,1.22
1731068231.96,8.32,0.501,0.0,0.852
1731068232.46,7.67,0.525,0.0,1.04
1731068232.96,8.32,1.063,0.0,2.79
1731068233.46,7.68,0.547,0.0,1.3
1731068233.96,8.32,0.571,0.0,0.998
1731068234.46,7.68,0.538,0.0,1.11
1731068234.96,8.32,0.52,0.0,1.16
1731068235.46,7.68,0.524,0.0,0.836
1731068235.96,8.32,0.592,0.0,1.13
1731068236.46,7.68,0.841,0.0,0.85
1731068236.96,8.32,0.62,0.0,1.07
1731068237.46,7.68,0.601,0.0,0.983
1731068237.96,8.32,0.534,0.0,0.879
1731068238.46,7.68,0.643,0.0,1.03
1731068238.96,8.32,0.592,0.0,0.819
1731068239.46,7.69,0.351,0.0,1.39
1731068239.96,8.31,0.613,0.0,0.989
1731068240.46,7.69,0.569,0.0,9.34
1731068240.96,8.32,0.695,0.0,3.11
1731068241.46,7.68,0.939,0.0,0.808
1731068241.96,8.32,0.444,0.0,1.29
1731068242.46,7.68,0.698,0.0,0.836
1731068242.96,7.68,0.361,0.0,1.08
1731068243.46,8.32,0.838,0.0,1.13
1731068243.96,8.32,1.113,0.0,1.0
1731068244.46,7.69,0.645,0.0,0.687
1731068244.96,8.31,0.895,0.0,1.11
1731068245.46,7.68,0.478,0.0,0.758
1731068245.96,8.32,0.808,0.0,1.09
1731068246.46,7.68,0.671,0.0,1.03
1731068246.96,8.32,0.456,0.0,1.05
1731068247.46,7.68,0.824,0.0,0.917
1731068247.96,8.32,0.47,0.0,0.902
1731068248.46,7.68,0.61,0.0,3.78
1731068248.96,8.32,0.392,0.0,0.864
1731068249.46,7.68,0.51,0.0,1.28
1731068249.96,8.32,0.903,0.0,0.862
1731068250.46,7.67,0.438,0.0,1.09
1731068250.96,8.33,0.598,0.0,0.874
1731068251.46,7.68,0.351,0.0,1.32
1731068251.96,8.31,0.578,0.0,0.898
1731068252.46,7.68,0.445,0.0,2.25
1731068252.96,8.31,0.47,0.0,1.17
1731068253.46,7.69,1.17,0.0,2.38
1731068253.96,8.32,0.581,0.0,1.74
1731068254.46,7.67,0.619,0.0,1.11
1731068254.96,8.32,0.47,0.0,2.0
1731068255.46,7.68,0.524,0.0,0.945
1731068255.96,7.68,0.464,0.0,0.986
1731068256.46,8.32,0.707,0.0,0.897
1731068256.96,8.32,0.718,0.0,0.779
1731068257.46,7.04,0.745,0.0833333333333333,1.04
1731068257.96,8.32,0.726,0.0,1.11
1731068258.46,7.69,0.549,0.0,1.1
1731068258.96,8.32,0.641,0.0,0.699
1731068259.46,7.68,0.764,0.0,2.12
1731068259.96,7.67,0.484,0.0,1.03
1731068260.46,8.32,0.648,0.0,1.04
1731068260.96,8.32,0.523,0.0,0.758
1731068261.46,7.69,0.493,0.0,1.77
1731068261.96,8.32,0.644,0.0,0.941
1731068262.46,7.68,0.345,0.0,1.31
1731068262.96,8.32,0.651,0.0,1.14
1731068263.46,7.68,0.583,0.0,0.815
1731068263.96,8.32,0.412,0.0,1.34
1731068264.46,7.68,0.687,0.0,6.4
1731068264.96,8.32,0.377,0.0,1.43
1731068265.46,7.68,0.713,0.0,1.08
1731068265.96,8.32,0.374,0.0,0.812
1731068266.46,7.68,0.342,0.0,1.01
1731068266.96,8.33,0.633,0.0,0.879
1731068267.46,7.67,0.385,0.0,0.908
1731068267.96,8.33,0.739,0.0,1.24
1731068268.46,7.68,0.693,0.0,0.875
1731068268.96,8.31,0.808,0.0,1.51
1731068269.46,7.68,0.441,0.0,0.699
1731068269.96,8.32,0.537,0.0,1.22
1731068270.46,7.68,0.885,0.0,0.862
1731068270.96,8.32,0.428,0.0,NA
1731068271.46,7.69,0.505,0.0,1.64
1731068271.96,8.31,0.314,0.0,0.943
1731068272.46,7.68,0.45,0.0,1.77
1731068272.96,7.68,0.418,0.0,1.82
1731068273.46,8.32,0.471,0.0,3.09
1731068273.96,8.32,0.875,0.0,1.0
1731068274.46,7.68,0.456,0.0,0.752
1731068274.96,8.32,0.538,0.0,1.14
1731068275.46,7.68,0.506,0.0,1.04
1731068275.96,8.32,0.586,0.0,0.837
1731068276.46,7.69,0.946,0.0,1.15
1731068276.96,8.31,0.653,0.0,0.874
1731068277.46,7.68,0.649,0.0,1.12
1731068277.96,8.32,0.538,0.0,0.858
1731068278.46,7.68,0.579,0.0,1.5
1731068278.96,8.33,0.521,0.0,0.792
1731068279.46,7.68,0.718,0.0,1.04
1731068279.96,8.32,0.748,0.0,0.884
1731068280.46,7.69,0.542,0.0,0.995
1731068280.96,8.31,0.653,0.0,0.887
1731068281.46,7.68,0.613,0.0,1.12
1731068281.96,8.32,0.686,0.0,0.804
1731068282.46,7.68,0.802,0.0,1.15
1731068282.96,8.32,0.386,0.0,0.968
1731068283.46,7.68,0.694,0.0,0.836
1731068283.96,7.69,0.467,0.0,1.47
1731068284.46,8.32,0.713,0.0,1.08
1731068284.96,7.67,0.779,0.0,7.75
1731068285.46,8.32,0.497,0.0,0.909
1731068285.96,8.32,0.717,0.0,0.898
1731068286.46,7.68,0.421,0.0,1.0
1731068286.96,8.32,0.774,0.0,0.709
1731068287.46,7.68,0.885,0.0,1.54
1731068287.96,8.32,0.402,0.0,0.812
1731068288.46,7.68,0.787,0.0,3.21
1731068288.96,8.32,0.392,0.0,0.904
1731068289.46,7.68,0.831,0.0,1.12
1731068289.96,7.68,0.481,0.0,1.12
1731068290.46,8.32,0.529,0.0,0.92
1731068290.96,8.32,0.82,0.0,2.8
1731068291.46,7.68,0.505,0.0,0.961
1731068291.96,8.33,0.931,0.0,0.791
1731068292.46,7.68,0.798,0.0,2.3
1731068292.96,8.32,0.629,0.0,1.54
1731068293.46,7.68,0.728,0.0,2.27
1731068293.96,8.31,0.506,0.0,1.8
1731068294.46,7.68,1.051,0.0,1.16
1731068294.96,8.32,0.511,0.0,2.66
1731068295.46,7.68,0.585,0.0,1.63
1731068295.96,8.32,0.478,0.0,1.15
1731068296.46,7.68,0.539,0.0,2.32
1731068296.96,8.32,1.078,0.0,7.96
1731068297.46,7.67,0.599,0.0,1.59
1731068297.96,7.69,0.65,0.0769230769230769,1.27
1731068298.46,7.68,0.546,0.0,1.56
1731068298.96,8.33,0.548,0.0,1.69
1731068299.46,7.67,0.476,0.0,1.1
1731068299.96,8.32,0.257,0.0,1.83
1731068300.46,7.68,0.458,0.0,1.39
1731068300.96,8.32,0.557,0.0,1.3
1731068301.46,7.68,0.681,0.0,6.17
1731068301.96,8.32,0.609,0.0,1.45
1731068302.46,7.04,0.778,0.0833333333333333,0.921
1731068302.96,8.31,0.716,0.0,2.2
1731068303.46,7.68,0.504,0.0,0.841
1731068303.96,8.32,0.653,0.0,1.33
1731068304.46,7.68,0.594,0.0,1.25
1731068304.96,8.32,0.734,0.0,1.78
1731068305.46,7.68,0.873,0.0,1.54
1731068305.96,8.32,0.417,0.0,1.21
1731068306.46,7.68,0.717,0.0,1.63
1731068306.96,7.68,0.495,0.0,1.49
1731068307.46,8.32,0.596,0.0,3.81
1731068307.96,8.32,0.777,0.0,1.81
1731068308.46,7.68,0.412,0.0,1.67
1731068308.96,8.32,0.722,0.0,0.954
1731068309.46,7.68,0.581,0.0,1.29
1731068309.96,8.32,0.384,0.0,0.81
1731068310.46,7.69,0.523,0.0,1.33
1731068310.96,8.31,0.459,0.0,0.923
1731068311.46,7.68,0.819,0.0,0.884
1731068311.96,8.32,0.394,0.0,1.46
1731068312.46,7.68,1.147,0.0,0.72
1731068312.96,8.32,0.806,0.0,1.62
1731068313.46,7.67,0.676,0.0,0.886
1731068313.96,8.32,1.0,0.0,7.95
1731068314.46,7.68,0.564,0.0,1.24
1731068314.96,8.32,0.472,0.0,0.967
1731068315.46,7.68,0.386,0.0,0.906
1731068315.96,8.32,0.45,0.0,1.05
1731068316.46,7.68,0.44,0.0,0.98
1731068316.96,8.32,0.464,0.0,1.09
1731068317.46,7.68,1.064,0.0,1.4
1731068317.96,8.32,0.601,0.0,1.07
1731068318.46,7.68,0.601,0.0,6.14
1731068318.96,8.32,0.508,0.0,1.32
1731068319.46,7.69,0.525,0.0,0.995
1731068319.96,7.68,0.456,0.0,0.84
1731068320.46,8.32,0.672,0.0,0.714
1731068320.96,8.32,0.821,0.0,1.06
1731068321.46,7.67,0.591,0.0,0.981
1731068321.96,8.33,0.581,0.0,1.22
1731068322.46,7.68,0.556,0.0,1.27
1731068322.96,8.32,0.656,0.0,0.784
1731068323.46,7.68,0.734,0.0,1.74
1731068323.96,7.67,0.373,0.0,0.892
1731068324.46,8.32,0.617,0.0,1.49
1731068324.96,8.32,0.521,0.0,5.37
1731068325.46,7.68,0.658,0.0,1.15
1731068325.96,8.32,0.73,0.0,1.73
1731068326.46,7.68,0.367,0.0,0.861
1731068326.96,8.32,0.617,0.0,1.95
1731068327.46,7.68,0.583,0.0,0.914
1731068327.96,8.32,0.367,0.0,0.889
1731068328.46,7.68,0.658,0.0,0.824
1731068328.96,8.32,0.299,0.0,1.86
1731068329.46,7.68,0.648,0.0,0.786
1731068329.96,7.68,0.512,0.0,1.4
1731068330.46,8.32,0.774,0.0,NA
1731068330.96,7.68,0.638,0.0,0.795
1731068331.46,8.33,0.465,0.0,1.28
1731068331.96,8.32,0.772,0.0,0.93
1731068332.46,7.68,0.502,0.0,0.858
1731068332.96,8.32,0.76,0.0,1.08
1731068333.46,7.68,0.818,0.0,0.947
1731068333.96,8.32,0.627,0.0,0.965
1731068334.46,7.68,1.032,0.0,0.836
1731068334.96,8.32,0.479,0.0,1.51
1731068335.46,7.68,0.401,0.0,0.933
1731068335.96,8.32,0.238,0.0,1.15
1731068336.46,7.68,0.475,0.0,1.21
1731068336.96,7.67,0.412,0.0,0.904
1731068337.46,8.33,0.448,0.0,1.06
1731068337.96,8.32,0.991,0.0,0.864
1731068338.46,7.68,0.542,0.0,6.83
1731068338.96,8.33,0.652,0.0,0.828
1731068339.46,7.68,0.678,0.0,1.41
1731068339.96,8.32,0.594,0.0,0.85
1731068340.46,7.69,0.554,0.0,1.37
1731068340.96,8.31,0.398,0.0,0.863
1731068341.46,7.68,0.621,0.0,1.27
1731068341.96,8.32,0.601,0.0,1.17
1731068342.46,7.69,0.593,0.0,0.89
1731068342.96,8.31,0.5,0.0,0.747
1731068343.46,7.68,0.705,0.0,1.22
1731068343.96,8.32,0.735,0.0,0.895
1731068344.46,7.69,0.585,0.0,1.03
1731068344.96,8.31,0.791,0.0,0.714
1731068345.46,7.68,0.668,0.0,2.3
1731068345.96,8.33,0.505,0.0,1.73
1731068346.46,7.68,0.647,0.0,8.21
1731068346.96,8.33,0.325,0.0,2.47
1731068347.46,7.68,0.619,0.0,0.976
1731068347.96,8.32,0.621,0.0,1.31
1731068348.46,7.68,0.728,0.0,0.871
1731068348.96,8.33,0.794,0.0,1.24
1731068349.46,7.68,0.465,0.0,0.827
1731068349.96,8.32,0.72,0.0,1.07
1731068350.46,7.04,0.401,0.0833333333333333,0.852
1731068350.96,8.31,0.793,0.0,1.7
1731068351.46,7.69,0.905,0.0,0.914
1731068351.96,8.32,0.602,0.0,1.57
1731068352.46,7.69,0.879,0.0,1.04
1731068352.96,8.32,0.576,0.0,0.854
1731068353.46,7.68,0.902,0.0,3.07
1731068353.96,7.68,0.526,0.0,0.873
1731068354.46,8.32,0.576,0.0,1.25
1731068354.96,8.33,0.971,0.0,1.1
1731068355.46,7.68,0.484,0.0,0.871
1731068355.96,8.31,0.52,0.0,1.27
1731068356.46,7.69,0.3,0.0,0.806
1731068356.96,8.32,0.413,0.0,1.12
1731068357.46,7.67,0.605,0.0,0.905
1731068357.96,8.32,0.408,0.0,1.1
1731068358.46,7.68,0.377,0.0,0.665
1731068358.96,8.32,0.193,0.0,1.69
1731068359.46,7.69,0.395,0.0,1.19
1731068359.96,8.31,0.368,0.0,1.63
1731068360.46,7.68,0.6,0.0,6.02
1731068360.96,8.32,1.219,0.0,0.734
1731068361.46,7.68,0.715,0.0,4.29
1731068361.96,8.32,0.63,0.0,1.02
1731068362.46,7.68,0.646,0.0,1.69
1731068362.96,8.32,0.554,0.0,0.711
1731068363.46,7.68,0.455,0.0,1.4
1731068363.96,8.32,0.63,0.0,0.86
1731068364.46,7.68,0.727,0.0,1.47
1731068364.96,8.32,0.549,0.0,0.852
1731068365.46,7.68,0.627,0.0,1.04
1731068365.96,8.32,0.57,0.0,1.02
1731068366.46,7.68,0.317,0.0,1.11
1731068366.96,8.32,0.726,0.0,0.846
1731068367.46,7.67,0.579,0.0,1.49
1731068367.96,8.33,0.733,0.0,0.71
1731068368.46,7.68,0.599,0.0,1.32
1731068368.96,8.32,0.373,0.0,0.849
1731068369.46,7.68,0.707,0.0,2.05
1731068369.96,8.32,0.328,0.0,1.92
1731068370.46,7.68,0.759,0.0,1.49
1731068370.96,7.68,0.474,0.0,2.71
1731068371.46,8.32,0.983,0.0,0.862
1731068371.96,8.33,0.935,0.0,3.75
1731068372.46,7.68,0.479,0.0,6.01
1731068372.96,8.32,0.76,0.0,1.63
1731068373.46,7.68,0.384,0.0,0.788
1731068373.96,8.32,0.415,0.0,0.955
1731068374.46,7.68,0.455,0.0,1.43
1731068374.96,8.32,0.35,0.0,1.23
1731068375.46,7.68,0.907,0.0,0.885
1731068375.96,8.31,0.766,0.0,1.1
1731068376.46,7.68,1.11,0.0,1.12
1731068376.96,8.32,0.604,0.0,1.46
1731068377.46,7.68,0.568,0.0,1.02
1731068377.96,8.33,0.887,0.0,3.74
1731068378.46,7.68,0.454,0.0,1.04
1731068378.96,8.32,1.039,0.0,0.696
1731068379.46,7.68,0.585,0.0,NA
1731068379.96,8.32,0.668,0.0,3.44
1731068380.46,7.68,0.47,0.0,1.92
1731068380.96,8.32,0.651,0.0,2.58
1731068381.46,7.68,1.134,0.0,2.38
1731068381.96,8.32,0.548,0.0,1.83
1731068382.46,7.68,0.566,0.0,1.78
1731068382.96,8.32,0.534,0.0,0.808
1731068383.46,7.68,0.532,0.0,1.28
1731068383.96,7.69,0.508,0.0,1.0
1731068384.46,8.32,0.454,0.0,7.64
1731068384.96,7.68,0.592,0.0,2.17
1731068385.46,8.33,0.782,0.0,0.883
1731068385.96,8.32,0.672,0.0,1.21
1731068386.46,7.67,0.525,0.0,0.78
1731068386.96,8.32,0.324,0.0,2.07
1731068387.46,7.68,0.558,0.0,1.32
1731068387.96,7.68,0.294,0.0,0.91
1731068388.46,8.32,0.571,0.0,0.794
1731068388.96,8.32,0.651,0.0,1.01
1731068389.46,7.68,0.763,0.0,0.906
1731068389.96,8.32,0.77,0.0,1.18
1731068390.46,7.68,0.545,0.0,1.34
1731068390.96,8.32,0.736,0.0,1.86
1731068391.46,7.68,0.534,0.0,1.11
1731068391.96,8.32,0.662,0.0,0.875
1731068392.46,7.69,0.966,0.0,1.52
1731068392.96,8.32,0.568,0.0,0.963
1731068393.46,7.68,0.822,0.0,1.04
1731068393.96,8.31,0.532,0.0,0.938
1731068394.46,7.68,0.864,0.0,0.713
1731068394.96,8.31,0.943,0.0,1.3
1731068395.46,7.68,0.471,0.0,0.758
1731068395.96,8.32,0.765,0.0,1.09
1731068396.46,7.68,0.422,0.0,1.13
1731068396.96,8.32,0.854,0.0,1.13
1731068397.46,7.68,0.425,0.0,0.958
1731068397.96,8.32,0.432,0.0,0.85
1731068398.46,7.68,0.841,0.0,1.19
1731068398.96,8.33,0.506,0.0,0.861
1731068399.46,7.67,0.649,0.0,1.28
1731068399.96,8.32,0.488,0.0,0.791
1731068400.46,7.68,0.635,0.0,1.33
1731068400.96,7.69,0.486,0.0,0.896
1731068401.46,8.32,0.475,0.0,0.784
1731068401.96,8.32,0.704,0.0,3.91
1731068402.46,7.67,0.415,0.0,0.772
1731068402.96,8.32,0.474,0.0,4.37
1731068403.46,7.68,0.425,0.0,1.01
1731068403.96,8.31,0.561,0.0,1.2
1731068404.46,7.68,0.878,0.0,0.81
1731068404.96,8.32,0.624,0.0,1.27
1731068405.46,7.68,0.664,0.0,0.943
1731068405.96,8.32,0.631,0.0,0.848
1731068406.46,7.68,0.632,0.0,1.31
1731068406.96,8.32,0.689,0.0,0.85
1731068407.46,7.68,0.391,0.0,1.52
1731068407.96,8.31,0.675,0.0,0.765
1731068408.46,7.68,0.623,0.0,1.32
1731068408.96,8.33,0.766,0.0,1.0
1731068409.46,7.67,0.635,0.0,1.29
1731068409.96,8.33,0.683,0.0,1.18
1731068410.46,7.68,0.717,0.0,0.863
1731068410.96,8.33,0.336,0.0,2.21
1731068411.46,7.68,0.694,0.0,6.52
1731068411.96,8.32,0.554,0.0,1.05
1731068412.46,7.68,0.541,0.0,0.899
1731068412.96,8.32,0.72,0.0,1.12
1731068413.46,7.04,0.382,0.0833333333333333,0.794
1731068413.96,8.31,0.693,0.0,1.07
1731068414.46,7.69,0.413,0.0,0.947
1731068414.96,7.67,0.332,0.0769230769230769,1.14
1731068415.46,7.68,0.73,0.0,1.0
1731068415.96,8.32,0.36,0.0,0.914
1731068416.46,7.68,0.928,0.0,1.37
1731068416.96,8.32,0.759,0.0,0.811
1731068417.46,7.68,1.036,0.0,1.62
1731068417.96,7.68,0.588,0.0,0.845
1731068418.46,8.33,0.549,0.0,1.39
1731068418.96,8.31,0.83,0.0,0.821
1731068419.46,7.68,0.434,0.0,NA
1731068419.96,8.33,0.359,0.0,1.8
1731068420.46,7.68,0.259,0.0,1.28
1731068420.96,8.33,0.391,0.0,1.54
1731068421.46,7.67,0.677,0.0,1.24
1731068421.96,8.33,0.662,0.0,3.11
1731068422.46,7.68,1.146,0.0,1.16
1731068422.96,8.32,0.593,0.0,1.33
1731068423.46,7.68,0.616,0.0,0.821
1731068423.96,8.32,0.503,0.0,1.88
1731068424.46,7.68,0.517,0.0,0.816
1731068424.96,8.32,1.138,0.0,1.87
1731068425.46,7.68,0.574,0.0,1.0
1731068425.96,8.33,0.725,0.0,1.33
1731068426.46,7.68,0.702,0.0,0.972
1731068426.96,8.32,0.627,0.0,0.848
1731068427.46,7.68,0.689,0.0,1.07
1731068427.96,8.33,0.648,0.0,0.938
1731068428.46,7.68,0.737,0.0,1.19
1731068428.96,8.31,0.504,0.0,0.837
1731068429.46,7.68,0.662,0.0,1.53
1731068429.96,8.33,0.534,0.0,1.18
1731068430.46,7.67,0.649,0.0,7.56
1731068430.96,8.32,0.704,0.0,1.19
1731068431.46,7.68,0.446,0.0,0.851
1731068431.96,7.68,0.796,0.0,1.85
1731068432.46,8.32,0.777,0.0,1.34
1731068432.96,8.32,0.79,0.0,1.22
1731068433.46,7.68,0.833,0.0,1.0
1731068433.96,8.32,0.646,0.0,0.916
1731068434.46,7.68,0.818,0.0,4.18
1731068434.96,7.68,0.609,0.0,2.55
1731068435.46,8.33,0.847,0.0,0.861
1731068435.96,8.32,0.926,0.0,1.07
1731068436.46,7.67,0.637,0.0,0.983
1731068436.96,8.33,0.809,0.0,1.58
1731068437.46,7.68,0.427,0.0,1.12
1731068437.96,8.31,0.794,0.0,0.857
1731068438.46,7.68,0.69,0.0,1.15
1731068438.96,8.32,0.504,0.0,0.88
1731068439.46,7.68,0.848,0.0,1.87
1731068439.96,8.32,0.565,0.0,1.07
1731068440.46,7.68,0.965,0.0,1.71
1731068440.96,8.32,0.443,0.0,1.62
1731068441.46,7.68,0.456,0.0,1.33
1731068441.96,8.33,0.816,0.0,2.21
1731068442.46,7.68,0.623,0.0,1.29
1731068442.96,8.32,1.026,0.0,0.844
1731068443.46,7.68,0.57,0.0,2.69
1731068443.96,8.32,0.641,0.0,1.26
1731068444.46,7.69,0.487,0.0,2.92
1731068444.96,8.31,0.482,0.0,7.16
1731068445.46,7.68,0.412,0.0,0.808
1731068445.96,8.32,0.214,0.0,3.97
1731068446.46,7.68,0.564,0.0,0.879
1731068446.96,8.32,0.463,0.0,3.69
1731068447.46,7.67,0.536,0.0,0.878
1731068447.96,7.69,0.502,0.0,3.9
1731068448.46,8.31,0.567,0.0,0.872
1731068448.96,8.32,0.73,0.0,4.33
1731068449.46,7.68,0.828,0.0,0.773
1731068449.96,8.32,0.687,0.0,7.52
1731068450.46,7.68,0.625,0.0,0.771
1731068450.96,7.67,0.676,0.0769230769230769,7.79
1731068451.46,7.69,1.078,0.0,0.908
1731068451.96,7.68,0.524,0.0,4.26
1731068452.46,8.32,0.667,0.0,0.887
1731068452.96,8.31,0.641,0.0,4.74
1731068453.46,7.68,0.804,0.0,0.907
1731068453.96,8.32,0.763,0.0,1.47
1731068454.46,7.68,0.503,0.0,0.897
1731068454.96,8.32,0.702,0.0,0.829
1731068455.46,7.68,0.536,0.0,1.47
1731068455.96,8.32,0.414,0.0,0.854
1731068456.46,7.68,0.678,0.0,1.59
1731068456.96,8.32,0.343,0.0,1.02
1731068457.46,7.69,0.704,0.0,2.19
1731068457.96,8.31,0.391,0.0,1.23
1731068458.46,7.68,0.923,0.0,0.954
1731068458.96,8.32,0.946,0.0,NA
1731068459.46,7.68,0.587,0.0,1.64
1731068459.96,8.33,0.898,0.0,3.83
1731068460.46,7.68,0.444,0.0,0.858
1731068460.96,8.32,0.879,0.0,1.31
1731068461.46,7.67,0.556,0.0,6.25
1731068461.96,8.32,0.484,0.0,1.29
1731068462.46,7.68,1.089,0.0,0.892
1731068462.96,8.33,0.498,0.0,1.31
1731068463.46,7.68,0.983,0.0,0.874
1731068463.96,8.32,0.5,0.0,1.06
1731068464.46,7.68,0.499,0.0,0.81
1731068464.96,7.68,0.463,0.0,1.38
1731068465.46,8.32,0.462,0.0,0.745
1731068465.96,8.32,1.231,0.0,1.77
1731068466.46,7.68,0.76,0.0,0.902
1731068466.96,8.32,0.665,0.0,2.32
1731068467.46,7.68,0.611,0.0,1.71
1731068467.96,8.32,0.535,0.0,1.31
1731068468.46,7.68,0.963,0.0,1.13
1731068468.96,8.32,0.923,0.0,0.805
1731068469.46,7.68,0.792,0.0,2.02
1731068469.96,8.32,0.587,0.0,3.36
1731068470.46,7.68,0.733,0.0,1.77
1731068470.96,8.32,0.535,0.0,1.56
1731068471.46,7.68,0.713,0.0,1.04
1731068471.96,8.32,0.846,0.0,1.01
1731068472.46,7.68,0.537,0.0,0.935
1731068472.96,8.32,0.636,0.0,0.837
1731068473.46,7.68,0.575,0.0,1.74
1731068473.96,8.32,0.349,0.0,0.884
1731068474.46,7.68,0.771,0.0,1.34
1731068474.96,8.32,0.367,0.0,0.889
1731068475.46,7.68,0.639,0.0,1.04
1731068475.96,8.31,0.574,0.0,1.07
1731068476.46,7.68,0.85,0.0,7.73
1731068476.96,8.33,0.85,0.0,0.836
1731068477.46,7.68,0.53,0.0,1.14
1731068477.96,8.32,0.759,0.0,0.869
1731068478.46,7.68,0.564,0.0,0.965
1731068478.96,7.68,0.515,0.0769230769230769,1.13
1731068479.46,7.68,0.736,0.0,1.54
1731068479.96,8.31,0.357,0.0,0.797
1731068480.46,7.68,0.718,0.0,1.28
1731068480.96,8.32,0.377,0.0,0.959
1731068481.46,7.68,0.836,0.0,1.07
1731068481.96,7.68,0.426,0.0,0.87
1731068482.46,8.32,0.446,0.0,1.3
1731068482.96,8.32,0.812,0.0,0.798
1731068483.46,7.68,0.573,0.0,1.36
1731068483.96,8.32,1.007,0.0,0.874
1731068484.46,7.68,0.593,0.0,1.1
1731068484.96,8.32,0.673,0.0,0.778
1731068485.46,7.68,0.868,0.0,1.11
1731068485.96,8.32,0.557,0.0,0.894
1731068486.46,7.68,0.718,0.0,2.84
1731068486.96,8.32,0.636,0.0,1.1
1731068487.46,7.68,0.747,0.0,0.865
1731068487.96,8.33,0.542,0.0,1.52
1731068488.46,7.68,0.624,0.0,0.977
1731068488.96,8.32,1.112,0.0,1.62
1731068489.46,7.68,0.543,0.0,0.943
1731068489.96,8.32,0.547,0.0,0.808
1731068490.46,7.68,0.452,0.0,1.3
1731068490.96,8.32,0.549,0.0,0.823
1731068491.46,7.68,0.533,0.0,1.6
1731068491.96,8.31,0.619,0.0,0.777
1731068492.46,7.69,0.665,0.0,1.55
1731068492.96,8.32,0.516,0.0,0.846
1731068493.46,7.68,0.568,0.0,1.37
1731068493.96,8.32,0.543,0.0,0.908
1731068494.46,7.68,0.758,0.0,1.3
1731068494.96,8.32,0.876,0.0,0.952
1731068495.46,7.68,0.463,0.0,0.813
1731068495.96,8.32,0.672,0.0,1.33
1731068496.46,7.68,0.715,0.0,0.821
1731068496.96,8.32,0.581,0.0,NA
1731068497.46,7.67,0.931,0.0,1.07
1731068497.96,8.32,0.565,0.0,0.856
1731068498.46,7.68,0.781,0.0,1.41
1731068498.96,7.68,0.656,0.0,0.811
1731068499.46,8.31,0.528,0.0,1.53
1731068499.96,8.32,0.71,0.0,0.792
1731068500.46,7.68,0.418,0.0,1.29
1731068500.96,8.32,0.746,0.0,0.793
1731068501.46,7.68,0.514,0.0,1.09
1731068501.96,8.33,0.905,0.0,1.04
1731068502.46,7.68,0.725,0.0,0.797
1731068502.96,8.31,0.497,0.0,4.26
1731068503.46,7.68,0.823,0.0,0.845
1731068503.96,8.32,0.417,0.0,4.03
1731068504.46,7.69,0.923,0.0,0.87
1731068504.96,8.32,0.506,0.0,6.27
1731068505.46,7.69,0.661,0.0,0.764
1731068505.96,8.31,0.935,0.0,3.86
1731068506.46,7.68,0.487,0.0,0.847
1731068506.96,8.32,0.418,0.0,4.35
1731068507.46,7.68,0.247,0.0,1.25
1731068507.96,8.32,0.392,0.0,0.84
1731068508.46,7.68,0.473,0.0,1.49
1731068508.96,8.32,0.483,0.0,0.866
1731068509.46,7.68,1.12,0.0,0.862
1731068509.96,8.32,0.566,0.0,1.2
1731068510.46,7.68,0.608,0.0,0.854
1731068510.96,8.32,0.459,0.0,1.03
1731068511.46,7.67,0.501,0.0,3.39
1731068511.96,8.33,0.56,0.0,0.843
1731068512.46,7.67,0.279,0.0,1.09
1731068512.96,8.32,0.481,0.0,0.898
1731068513.46,7.68,0.582,0.0,1.44
1731068513.96,8.32,0.578,0.0,6.11
1731068514.46,7.68,0.703,0.0,1.25
1731068514.96,7.68,0.388,0.0769230769230769,0.915
1731068515.46,7.68,0.943,0.0,0.877
1731068515.96,7.68,0.589,0.0,1.21
1731068516.46,8.32,0.747,0.0,0.804
1731068516.96,8.32,0.595,0.0,1.3
1731068517.46,7.68,0.328,0.0,0.925
1731068517.96,8.32,0.554,0.0,0.845
1731068518.46,7.68,0.288,0.0,1.28
1731068518.96,8.32,0.624,0.0,2.17
1731068519.46,7.69,0.492,0.0,1.21
1731068519.96,8.31,0.795,0.0,0.959
1731068520.46,7.68,0.864,0.0,0.806
1731068520.96,8.32,0.425,0.0,1.4
1731068521.46,7.68,0.722,0.0,0.794
1731068521.96,8.32,0.402,0.0,1.21
1731068522.46,7.68,0.978,0.0,0.956
1731068522.96,8.32,1.18,0.0,0.988
1731068523.46,7.67,0.571,0.0,0.899
1731068523.96,8.32,0.931,0.0,0.972
1731068524.46,7.68,0.73,0.0,1.14
1731068524.96,8.32,0.677,0.0,7.72
1731068525.46,7.68,0.361,0.0,1.05
1731068525.96,8.32,0.494,0.0,0.967
1731068526.46,7.69,0.861,0.0,0.953
1731068526.96,8.31,0.451,0.0,0.839
1731068527.46,7.68,0.952,0.0,1.11
1731068527.96,8.32,0.499,0.0,1.08
1731068528.46,7.68,0.503,0.0,1.73
1731068528.96,7.68,0.391,0.0,1.38
1731068529.46,8.32,0.424,0.0,0.834
1731068529.96,8.33,1.062,0.0,1.39
1731068530.46,7.68,0.575,0.0,0.932
1731068530.96,8.32,0.562,0.0,2.22
1731068531.46,7.68,0.51,0.0,1.7
1731068531.96,8.33,0.572,0.0,0.86
1731068532.46,7.67,1.087,0.0,1.1
1731068532.96,8.32,0.859,0.0,0.831
1731068533.46,7.68,0.844,0.0,1.06
1731068533.96,8.32,0.608,0.0,0.961
1731068534.46,7.68,0.888,0.0,0.902
1731068534.96,8.32,0.642,0.0,1.11
1731068535.46,7.68,0.486,0.0,0.817
1731068535.96,8.32,0.65,0.0,1.12
1731068536.46,7.68,0.587,0.0,1.07
1731068536.96,8.32,0.678,0.0,0.985
1731068537.46,7.67,0.564,0.0,0.945
1731068537.96,8.32,0.645,0.0,0.812
1731068538.46,7.68,0.838,0.0,1.1
1731068538.96,8.32,0.402,0.0,0.878
1731068539.46,7.04,0.646,0.0833333333333333,NA
1731068539.96,8.31,0.549,0.0,1.26
1731068540.46,7.69,0.77,0.0,1.01
1731068540.96,8.31,0.798,0.0,1.35
1731068541.46,7.68,0.413,0.0,5.65
1731068541.96,8.32,0.753,0.0,0.803
1731068542.46,7.68,0.505,0.0,4.04
1731068542.96,8.32,0.43,0.0,0.892
1731068543.46,7.68,0.856,0.0,1.05
1731068543.96,8.32,0.425,0.0,0.979
1731068544.46,7.68,0.971,0.0,0.838
1731068544.96,8.32,0.455,0.0,2.9
1731068545.46,7.68,1.121,0.0,1.32
1731068545.96,7.68,0.605,0.0,3.51
1731068546.46,8.32,0.568,0.0,1.12
1731068546.96,8.32,0.848,0.0,0.889
1731068547.46,7.69,0.451,0.0,1.32
1731068547.96,8.32,0.393,0.0,0.841
1731068548.46,7.68,0.275,0.0,1.09
1731068548.96,8.32,0.394,0.0,1.97
1731068549.46,7.68,0.602,0.0,0.794
1731068549.96,8.32,0.399,0.0,1.22
1731068550.46,7.68,0.983,0.0,6.44
1731068550.96,8.31,0.568,0.0,1.33
1731068551.46,7.69,0.649,0.0,1.2
1731068551.96,8.32,0.472,0.0,0.98
1731068552.46,7.68,0.702,0.0,0.861
1731068552.96,8.32,0.508,0.0,1.75
1731068553.46,7.68,0.363,0.0,0.924
1731068553.96,8.32,0.632,0.0,1.56
1731068554.46,7.68,0.601,0.0,1.39
1731068554.96,8.32,0.55,0.0,3.7
1731068555.46,7.68,0.825,0.0,1.08
1731068555.96,8.32,0.884,0.0,1.14
1731068556.46,7.68,0.768,0.0,0.837
1731068556.96,8.33,0.598,0.0,1.34
1731068557.46,7.67,0.614,0.0,0.734
1731068557.96,8.32,0.535,0.0,1.27
1731068558.46,7.68,0.651,0.0,0.81
1731068558.96,8.32,0.691,0.0,1.57
1731068559.46,7.68,0.407,0.0,0.767
1731068559.96,8.32,0.624,0.0,1.7
1731068560.46,7.68,0.583,0.0,0.812
1731068560.96,8.32,0.403,0.0,1.68
1731068561.46,7.68,0.59,0.0,0.914
1731068561.96,8.32,0.314,0.0,1.45
1731068562.46,7.68,0.742,0.0,NA
1731068562.96,7.68,0.458,0.0,1.07
1731068563.46,8.32,1.089,0.0,0.929
1731068563.96,8.32,0.991,0.0,0.893
1731068564.46,7.68,0.7,0.0,1.09
1731068564.96,8.32,0.866,0.0,1.21
1731068565.46,7.68,0.483,0.0,1.09
1731068565.96,8.32,0.837,0.0,0.787
1731068566.46,7.68,0.688,0.0,1.65
1731068566.96,8.32,0.541,0.0,1.0
1731068567.46,7.68,0.835,0.0,8.13
1731068567.96,8.33,0.441,0.0,1.57
1731068568.46,7.68,0.36,0.0,0.87
1731068568.96,8.32,0.227,0.0,1.29
1731068569.46,7.68,0.417,0.0,0.829
1731068569.96,8.32,0.839,0.0,1.3
1731068570.46,7.69,0.487,0.0,0.757
1731068570.96,8.31,0.978,0.0,1.28
1731068571.46,7.68,0.641,0.0,0.718
1731068571.96,8.32,0.571,0.0,1.45
1731068572.46,7.69,0.502,0.0,0.78
1731068572.96,8.31,0.442,0.0,1.67
1731068573.46,7.68,1.043,0.0,0.985
1731068573.96,8.32,0.656,0.0,1.03
1731068574.46,7.68,0.636,0.0,1.39
1731068574.96,8.32,0.469,0.0,0.907
1731068575.46,7.68,0.668,0.0,1.63
1731068575.96,7.68,0.541,0.0,0.849
1731068576.46,8.33,0.684,0.0,0.87
1731068576.96,8.31,0.694,0.0,1.33
1731068577.46,7.68,0.53,0.0,0.863
1731068577.96,7.68,0.598,0.0769230769230769,NA
1731068578.46,7.68,0.516,0.0,2.0
1731068578.96,8.33,0.598,0.0,NA
1731068579.46,7.67,0.693,0.0,2.96
1731068579.96,7.69,0.374,0.0,4.18
1731068580.46,8.32,0.645,0.0,3.38
1731068580.96,8.31,0.69,0.0,1.45
1731068581.46,7.68,0.751,0.0,1.25
1731068581.96,8.32,0.677,0.0,0.85
1731068582.46,7.68,0.412,0.0,2.18
1731068582.96,8.32,0.676,0.0,0.905
1731068583.46,7.68,0.567,0.0,1.29
1731068583.96,8.31,0.839,0.0,0.901
1731068584.46,7.69,0.934,0.0,1.27
1731068584.96,8.32,0.474,0.0,0.865
1731068585.46,7.68,1.057,0.0,1.28
1731068585.96,8.32,0.597,0.0,1.1
1731068586.46,7.68,0.888,0.0,0.878
1731068586.96,8.32,0.951,0.0,1.1
1731068587.46,7.68,0.479,0.0,0.778
1731068587.96,8.32,0.771,0.0,1.37
1731068588.46,7.68,0.423,0.0,0.769
1731068588.96,8.33,0.549,0.0,1.26
1731068589.46,7.67,0.344,0.0,1.03
1731068589.96,8.32,0.449,0.0,1.37
1731068590.46,7.68,0.909,0.0,5.25
1731068590.96,8.32,0.443,0.0,0.714
1731068591.46,7.68,0.988,0.0,3.86
1731068591.96,8.32,0.539,0.0,0.821
1731068592.46,7.68,0.569,0.0,4.37
1731068592.96,7.69,0.465,0.0,0.835
1731068593.46,8.31,0.511,0.0,0.938
1731068593.96,8.32,1.314,0.0,1.15
1731068594.46,7.68,0.645,0.0,0.762
1731068594.96,8.32,0.604,0.0,1.27
1731068595.46,7.68,0.511,0.0,0.947
1731068595.96,8.32,0.511,0.0,1.24
1731068596.46,7.68,0.444,0.0,1.06
1731068596.96,8.32,0.317,0.0,2.01
1731068597.46,7.68,0.476,0.0,1.08
1731068597.96,8.32,0.44,0.0,4.41
1731068598.46,7.68,0.555,0.0,0.841
1731068598.96,8.33,0.441,0.0,1.43
1731068599.46,7.68,0.622,0.0,0.887
1731068599.96,8.32,0.752,0.0,2.0
1731068600.46,7.68,0.489,0.0,0.942
1731068600.96,8.33,0.703,0.0,1.49
1731068601.46,7.68,0.625,0.0,1.13
1731068601.96,8.32,0.299,0.0,0.784
1731068602.46,7.68,0.577,0.0,1.24
1731068602.96,8.32,0.28,0.0,0.909
1731068603.46,7.68,0.648,0.0,0.831
1731068603.96,8.32,0.52,0.0,1.11
1731068604.46,7.68,0.437,0.0,1.01
1731068604.96,8.32,0.66,0.0,0.84
1731068605.46,7.67,0.467,0.0,1.1
1731068605.96,8.33,0.735,0.0,2.65
1731068606.46,7.68,0.437,0.0,1.43
1731068606.96,8.32,0.781,0.0,0.84
1731068607.46,7.69,1.145,0.0,1.05
1731068607.96,8.32,0.538,0.0,0.979
1731068608.46,7.68,1.016,0.0,0.894
1731068608.96,8.32,0.689,0.0,1.14
1731068609.46,7.68,1.021,0.0,1.05
1731068609.96,7.68,0.595,0.0,1.26
1731068610.46,8.32,0.597,0.0,0.868
1731068610.96,8.32,0.966,0.0,1.25
1731068611.46,7.68,0.657,0.0,0.835
1731068611.96,8.32,0.991,0.0,1.1
1731068612.46,7.68,0.559,0.0,0.88
1731068612.96,8.32,0.528,0.0,7.76
1731068613.46,7.68,0.656,0.0,1.48
1731068613.96,8.32,0.447,0.0,0.834
1731068614.46,7.68,1.058,0.0,1.3
1731068614.96,8.32,0.806,0.0,1.07
1731068615.46,7.68,0.688,0.0,1.28
1731068615.96,8.32,0.591,0.0,1.1
1731068616.46,7.68,0.573,0.0,0.851
1731068616.96,8.32,0.702,0.0,1.08
1731068617.46,7.68,0.576,0.0,1.08
1731068617.96,8.33,0.567,0.0,1.12
1731068618.46,7.67,0.533,0.0,0.846
1731068618.96,8.32,0.53,0.0,1.27
1731068619.46,7.68,0.455,0.0,0.735
1731068619.96,8.32,0.575,0.0,1.05
1731068620.46,7.68,0.621,0.0,1.02
1731068620.96,8.32,0.477,0.0,1.68
1731068621.46,7.68,0.567,0.0,0.997
1731068621.96,8.32,0.502,0.0,1.14
1731068622.46,7.68,0.654,0.0,1.21
1731068622.96,8.32,0.834,0.0,0.784
1731068623.46,7.68,0.457,0.0,NA
1731068623.96,8.33,0.608,0.0,4.11
1731068624.46,7.67,0.615,0.0,3.71
1731068624.96,8.33,0.713,0.0,4.3
1731068625.46,7.67,0.748,0.0,1.64
1731068625.96,8.32,0.605,0.0,0.993
1731068626.46,7.67,0.815,0.0,3.14
1731068626.96,7.69,0.693,0.0,8.03
1731068627.46,8.32,0.859,0.0,2.63
1731068627.96,8.32,1.005,0.0,4.33
1731068628.46,7.68,0.52,0.0,3.0
1731068628.96,8.31,0.794,0.0,2.72
1731068629.46,7.68,0.407,0.0,1.76
1731068629.96,8.32,0.808,0.0,0.752
1731068630.46,7.68,0.704,0.0,1.39
1731068630.96,8.32,0.462,0.0,0.807
1731068631.46,7.68,0.822,0.0,1.38
1731068631.96,8.32,0.453,0.0,0.893
1731068632.46,7.68,0.916,0.0,1.27
1731068632.96,8.32,0.457,0.0,1.77
1731068633.46,7.68,0.5,0.0,0.869
1731068633.96,8.32,0.838,0.0,1.24
1731068634.46,7.68,0.496,0.0,0.79
1731068634.96,8.32,0.406,0.0,1.31
1731068635.46,7.68,0.358,0.0,0.82
1731068635.96,8.32,0.45,0.0,1.72
1731068636.46,7.68,0.681,0.0,0.835
1731068636.96,8.32,0.648,0.0,1.1
1731068637.46,7.68,1.22,0.0,0.934
1731068637.96,8.32,0.57,0.0,3.28
1731068638.46,7.68,0.735,0.0,3.1
1731068638.96,8.32,0.517,0.0,0.954
1731068639.46,7.68,0.551,0.0,0.901
1731068639.96,7.68,0.642,0.0,1.24
1731068640.46,8.33,0.634,0.0,1.32
1731068640.96,8.32,0.654,0.0,1.53
1731068641.46,7.68,0.53,0.0,1.31
1731068641.96,8.31,0.566,0.0,3.14
1731068642.46,7.69,0.549,0.0,1.21
1731068642.96,8.31,0.674,0.0,1.32
1731068643.46,7.68,0.768,0.0,0.748
1731068643.96,8.31,0.461,0.0,1.51
1731068644.46,7.7,0.62,0.0,1.08
1731068644.96,8.32,0.604,0.0,1.56
1731068645.46,7.68,0.686,0.0,1.79
1731068645.96,7.68,0.491,0.0769230769230769,1.24
1731068646.46,7.68,0.259,0.0,1.57
1731068646.96,8.32,0.638,0.0,1.12
1731068647.46,7.68,0.506,0.0,1.57
1731068647.96,8.32,0.76,0.0,1.19
1731068648.46,7.68,0.856,0.0,1.01
1731068648.96,8.32,0.389,0.0,1.53
1731068649.46,7.68,0.805,0.0,0.984
1731068649.96,8.32,0.425,0.0,1.44
1731068650.46,7.68,0.812,0.0,1.09
1731068650.96,8.32,0.907,0.0,1.15
1731068651.46,7.68,0.514,0.0,1.14
1731068651.96,8.32,0.774,0.0,0.85
1731068652.46,7.68,0.406,0.0,1.5
1731068652.96,8.32,0.823,0.0,1.4
1731068653.46,7.68,0.438,0.0,2.43
1731068653.96,8.32,0.434,0.0,1.31
1731068654.46,7.67,0.843,0.0,0.747
1731068654.96,8.32,0.402,0.0,1.77
1731068655.46,7.68,0.962,0.0,1.04
1731068655.96,8.33,0.511,0.0,1.56
1731068656.46,7.67,0.706,0.0,1.08
1731068656.96,7.68,0.62,0.0,0.718
1731068657.46,8.32,0.511,0.0,1.92
1731068657.96,8.32,0.582,0.0,0.932
1731068658.46,7.68,0.502,0.0,2.95
1731068658.96,8.32,0.548,0.0,1.12
1731068659.46,7.68,0.578,0.0,0.886
1731068659.96,8.32,0.528,0.0,1.33
1731068660.46,7.68,0.56,0.0,1.1
1731068660.96,8.31,0.394,0.0,1.29
1731068661.46,7.69,0.568,0.0,5.57
1731068661.96,8.32,0.465,0.0,1.15
1731068662.46,7.68,0.53,0.0,1.27
1731068662.96,8.32,0.572,0.0,0.778
1731068663.46,7.68,0.425,0.0,1.03
1731068663.96,8.32,0.542,0.0,1.03
1731068664.46,7.68,0.507,0.0,0.958
1731068664.96,8.31,0.711,0.0,0.796
1731068665.46,7.68,0.626,0.0,1.29
1731068665.96,8.32,0.752,0.0,0.903
1731068666.46,7.68,0.947,0.0,1.04
1731068666.96,8.33,0.459,0.0,3.66
1731068667.46,7.67,0.681,0.0,0.774
1731068667.96,8.32,0.664,0.0,1.14
1731068668.46,7.68,0.953,0.0,0.874
1731068668.96,8.32,1.017,0.0,2.45
1731068669.46,7.68,0.774,0.0,6.39
1731068669.96,8.32,0.867,0.0,1.59
1731068670.46,7.68,0.443,0.0,1.58
1731068670.96,8.32,0.81,0.0,1.45
1731068671.46,7.68,0.926,0.0,1.76
1731068671.96,8.32,0.445,0.0,1.56
1731068672.46,7.68,0.851,0.0,0.939
1731068672.96,8.32,0.484,0.0,1.74
1731068673.46,7.68,1.004,0.0,0.958
1731068673.96,7.68,0.557,0.0,5.45
1731068674.46,8.32,0.509,0.0,1.22
1731068674.96,8.32,0.86,0.0,1.07
1731068675.46,7.69,0.519,0.0,1.38
1731068675.96,8.32,0.565,0.0,1.02
1731068676.46,7.68,0.646,0.0,1.41
1731068676.96,8.32,0.58,0.0,1.18
1731068677.46,7.68,0.884,0.0,0.813
1731068677.96,8.32,0.579,0.0,1.62
1731068678.46,7.68,1.248,0.0,0.8
1731068678.96,8.32,0.617,0.0,1.63
1731068679.46,7.68,0.657,0.0,0.841
1731068679.96,8.32,0.452,0.0,1.11
1731068680.46,7.68,0.492,0.0,1.15
1731068680.96,8.32,1.071,0.0,7.24
1731068681.46,7.68,0.728,0.0,0.977
1731068681.96,8.32,0.65,0.0,0.789
1731068682.46,7.68,0.519,0.0,NA
1731068682.96,8.32,0.54,0.0,1.78
1731068683.46,7.67,0.596,0.0,2.16
1731068683.96,8.33,0.709,0.0,0.999
1731068684.46,7.69,0.714,0.0,0.822
1731068684.96,8.32,0.745,0.0,0.967
1731068685.46,7.68,0.685,0.0,1.5
1731068685.96,8.32,0.615,0.0,0.786
1731068686.46,7.68,0.494,0.0,1.34
1731068686.96,8.32,0.775,0.0,0.862
1731068687.46,7.68,0.408,0.0,1.63
1731068687.96,8.32,0.633,0.0,0.773
1731068688.46,7.68,0.544,0.0,1.25
1731068688.96,8.32,0.816,0.0,0.806
1731068689.46,7.68,0.804,0.0,1.3
1731068689.96,8.29,0.497,0.0,0.958
1731068690.46,7.71,0.788,0.0,1.84
1731068690.96,7.67,0.407,0.0,0.959
1731068691.46,8.33,0.956,0.0,0.685
1731068691.96,8.31,1.026,0.0,2.0
1731068692.46,7.68,0.653,0.0,2.35
1731068692.96,8.32,1.044,0.0,1.31
1731068693.46,7.68,0.503,0.0,1.29
1731068693.96,8.32,0.849,0.0,1.22
1731068694.46,7.68,0.694,0.0,2.35
1731068694.96,8.32,0.444,0.0,0.92
1731068695.46,7.68,0.814,0.0,1.33
1731068695.96,8.32,0.391,0.0,0.819
1731068696.46,7.68,0.974,0.0,1.54
1731068696.96,8.32,0.573,0.0,0.76
1731068697.46,7.68,0.564,0.0,1.1
1731068697.96,8.31,0.998,0.0,0.879
1731068698.46,7.69,0.56,0.0,1.13
1731068698.96,8.31,1.009,0.0,0.963
1731068699.46,7.68,0.564,0.0,1.36
1731068699.96,8.32,0.722,0.0,6.4
1731068700.46,7.68,0.501,0.0,0.817
1731068700.96,8.33,0.473,0.0,8.0
1731068701.46,7.68,1.084,0.0,2.79
1731068701.96,8.31,0.736,0.0,1.08
1731068702.46,7.68,0.726,0.0,0.84
1731068702.96,8.32,0.741,0.0,0.883
1731068703.46,7.69,0.664,0.0,1.24
1731068703.96,7.67,0.537,0.0,1.13
1731068704.46,8.32,0.508,0.0,0.937
1731068704.96,8.32,0.657,0.0,0.89
1731068705.46,7.68,0.668,0.0,1.4
1731068705.96,8.32,0.62,0.0,0.799
1731068706.46,7.68,0.604,0.0,1.25
1731068706.96,8.32,0.378,0.0,0.944
1731068707.46,7.04,0.554,0.0833333333333333,1.15
1731068707.96,7.68,0.332,0.0,2.38
1731068708.46,8.33,0.592,0.0,0.865
1731068708.96,8.32,0.591,0.0,2.71
1731068709.46,7.68,0.685,0.0,6.18
1731068709.96,8.31,0.9,0.0,1.4
1731068710.46,7.68,0.506,0.0,1.03
1731068710.96,8.32,0.782,0.0,0.812
1731068711.46,7.68,0.695,0.0,1.5
1731068711.96,8.32,0.866,0.0,0.88
1731068712.46,7.68,0.851,0.0,1.58
1731068712.96,8.32,0.395,0.0,1.28
1731068713.46,7.68,0.73,0.0,1.45
1731068713.96,8.32,0.345,0.0,1.24
1731068714.46,7.68,0.79,0.0,0.953
1731068714.96,8.32,0.88,0.0,1.51
1731068715.46,7.04,0.469,0.0,0.922
1731068715.96,8.32,0.998,0.0714285714285714,1.74
1731068716.46,7.67,0.521,0.0,2.78
1731068716.96,8.32,0.403,0.0,1.14
1731068717.46,7.68,0.321,0.0,1.19
1731068717.96,8.32,0.418,0.0,1.31
1731068718.46,7.68,0.867,0.0,2.3
1731068718.96,8.31,0.65,0.0,2.17
1731068719.46,7.68,1.041,0.0,0.801
1731068719.96,8.32,0.764,0.0,1.42
1731068720.46,7.69,0.623,0.0,1.55
1731068720.96,7.67,0.544,0.0,0.996
1731068721.46,8.32,0.499,0.0,0.892
1731068721.96,8.32,1.129,0.0,0.814
1731068722.46,7.68,0.722,0.0,1.31
1731068722.96,8.32,0.783,0.0,1.08
1731068723.46,7.69,0.584,0.0,7.89
1731068723.96,8.32,0.536,0.0,1.7
1731068724.46,7.67,0.819,0.0,0.915
1731068724.96,8.32,0.538,0.0,1.38
1731068725.46,7.69,0.574,0.0,0.829
1731068725.96,8.32,0.469,0.0,1.29
1731068726.46,7.68,0.607,0.0,NA
1731068726.96,8.32,0.484,0.0,0.91
1731068727.46,7.68,0.631,0.0,1.34
1731068727.96,8.32,0.671,0.0,1.18
1731068728.46,7.68,0.632,0.0,0.932
1731068728.96,8.32,0.735,0.0,1.18
1731068729.46,7.69,0.814,0.0,0.826
1731068729.96,8.32,0.573,0.0,1.8
1731068730.46,7.68,0.797,0.0,0.738
1731068730.96,8.32,0.366,0.0,2.29
1731068731.46,7.68,0.659,0.0,1.2
1731068731.96,8.31,0.913,0.0,3.57
1731068732.46,7.69,0.709,0.0,1.19
1731068732.96,8.32,0.759,0.0,0.995
1731068733.46,7.68,0.417,0.0,1.26
1731068733.96,8.32,0.901,0.0,0.721
1731068734.46,7.68,0.503,0.0,1.52
1731068734.96,8.31,0.356,0.0,0.801
1731068735.46,7.68,0.643,0.0,1.12
1731068735.96,8.32,0.306,0.0,0.861
1731068736.46,7.68,0.717,0.0,1.15
1731068736.96,8.32,0.365,0.0,1.14
1731068737.46,7.69,0.833,0.0,0.911
1731068737.96,7.67,0.688,0.0,1.03
1731068738.46,8.32,0.562,0.0,1.0
1731068738.96,8.32,0.873,0.0,1.07
1731068739.46,7.68,0.499,0.0,6.6
1731068739.96,8.32,0.517,0.0,0.886
1731068740.46,7.68,0.325,0.0,4.1
1731068740.96,8.32,0.441,0.0,0.848
1731068741.46,7.68,0.657,0.0,3.73
1731068741.96,8.31,0.492,0.0,0.814
1731068742.46,7.68,0.432,0.0,3.83
1731068742.96,8.33,0.247,0.0,0.935
1731068743.46,7.67,0.507,0.0,0.907
1731068743.96,8.32,0.501,0.0,1.0
1731068744.46,7.68,0.599,0.0,0.802
1731068744.96,8.32,0.44,0.0,1.17
1731068745.46,7.68,0.335,0.0,0.864
1731068745.96,8.32,0.756,0.0,1.32
1731068746.46,7.68,0.696,0.0,0.878
1731068746.96,8.32,0.631,0.0,1.21
1731068747.46,7.68,0.74,0.0,1.11
1731068747.96,8.32,0.668,0.0,1.44
1731068748.46,7.68,0.742,0.0,2.72
1731068748.96,8.32,0.549,0.0,8.94
1731068749.46,7.68,0.585,0.0,0.801
1731068749.96,8.31,0.464,0.0,1.28
1731068750.46,7.68,0.289,0.0,6.28
1731068750.96,8.32,0.511,0.0,1.07
1731068751.46,7.68,0.378,0.0,0.9
1731068751.96,8.32,0.739,0.0,0.779
1731068752.46,7.68,0.582,0.0,1.29
1731068752.96,8.32,0.358,0.0,0.915
1731068753.46,7.68,0.702,0.0,1.16
1731068753.96,8.32,0.35,0.0,1.3
1731068754.46,7.68,0.691,0.0,0.761
1731068754.96,7.67,0.429,0.0,1.04
1731068755.46,8.33,0.821,0.0,0.933
1731068755.96,8.32,0.923,0.0,0.826
1731068756.46,7.68,0.515,0.0,1.27
1731068756.96,8.32,0.849,0.0,2.36
1731068757.46,7.68,0.547,0.0,1.12
1731068757.96,8.31,0.592,0.0,1.2
1731068758.46,7.69,0.561,0.0,0.823
1731068758.96,8.31,0.481,0.0,1.94
1731068759.46,7.68,0.843,0.0,0.85
1731068759.96,8.32,0.427,0.0,1.44
1731068760.46,7.68,0.915,0.0,0.876
1731068760.96,8.32,0.469,0.0,1.07
1731068761.46,7.68,0.532,0.0,0.996
1731068761.96,8.32,0.938,0.0,0.818
1731068762.46,7.68,0.472,0.0,1.1
1731068762.96,8.33,0.959,0.0,0.936
1731068763.46,7.68,0.662,0.0,0.812
1731068763.96,8.32,0.584,0.0,1.05
1731068764.46,7.67,0.447,0.0,0.966
1731068764.96,8.33,0.563,0.0,7.51
1731068765.46,7.68,1.318,0.0,1.24
1731068765.96,8.32,0.637,0.0,0.987
1731068766.46,7.68,0.724,0.0,0.918
1731068766.96,8.32,0.526,0.0,0.854
1731068767.46,7.68,0.639,0.0,1.55
1731068767.96,7.68,0.531,0.0,3.37
1731068768.46,8.32,0.629,0.0,3.67
1731068768.96,8.32,0.677,0.0,1.2
1731068769.46,7.68,0.534,0.0,1.17
